Sample	0	1	2	3	4	5	6	7	8	9	10	11	12	13	14	15	16	17	18	19	20	21	22	23	24	25	26	27	28	29	30	31	32	33	34	35	36	37	38	39	40	41	42	43	44	45	46	47	48	49	50
FAY99780_pass_barcode01_98e12ebb_5ad7f319_0	(0, 457.0)	(2000, 158.0)	(4000, 45.0)	(6000, 37.0)	(8000, 20.0)	(10000, 10.0)	(12000, 10.0)	(14000, 13.0)	(16000, 9.0)	(18000, 8.0)	(20000, 3.0)	(22000, 5.0)	(24000, 3.0)	(26000, 7.0)	(28000, 3.0)	(30000, 6.0)	(32000, 1.0)	(34000, 1.0)	(36000, 3.0)	(38000, 1.0)	(40000, 1.0)	(42000, 1.0)	(44000, 2.0)	(46000, 2.0)	(48000, 0.0)	(50000, 0.0)	(52000, 0.0)	(54000, 1.0)																							
FAY99780_pass_barcode01_98e12ebb_5ad7f319_1	(0, 656.0)	(2000, 230.0)	(4000, 82.0)	(6000, 52.0)	(8000, 30.0)	(10000, 33.0)	(12000, 20.0)	(14000, 20.0)	(16000, 13.0)	(18000, 17.0)	(20000, 12.0)	(22000, 9.0)	(24000, 14.0)	(26000, 14.0)	(28000, 5.0)	(30000, 12.0)	(32000, 10.0)	(34000, 5.0)	(36000, 7.0)	(38000, 7.0)	(40000, 4.0)	(42000, 2.0)	(44000, 2.0)	(46000, 1.0)	(48000, 3.0)	(50000, 0.0)	(52000, 0.0)	(54000, 1.0)	(56000, 1.0)																						
FAY99780_pass_barcode01_98e12ebb_5ad7f319_10	(0, 681.0)	(2000, 250.0)	(4000, 144.0)	(6000, 83.0)	(8000, 52.0)	(10000, 56.0)	(12000, 38.0)	(14000, 20.0)	(16000, 26.0)	(18000, 19.0)	(20000, 23.0)	(22000, 21.0)	(24000, 15.0)	(26000, 17.0)	(28000, 12.0)	(30000, 12.0)	(32000, 10.0)	(34000, 9.0)	(36000, 8.0)	(38000, 10.0)	(40000, 5.0)	(42000, 1.0)	(44000, 6.0)	(46000, 4.0)	(48000, 0.0)	(50000, 2.0)	(52000, 2.0)																								
FAY99780_pass_barcode01_98e12ebb_5ad7f319_100	(0, 162.0)	(1000, 108.0)	(2000, 55.0)	(3000, 52.0)	(4000, 28.0)	(5000, 23.0)	(6000, 16.0)	(7000, 23.0)	(8000, 11.0)	(9000, 14.0)	(10000, 7.0)	(11000, 6.0)	(12000, 5.0)	(13000, 10.0)	(14000, 7.0)	(15000, 4.0)	(16000, 6.0)	(17000, 4.0)	(18000, 5.0)	(19000, 4.0)	(20000, 5.0)	(21000, 5.0)	(22000, 3.0)	(23000, 4.0)	(24000, 5.0)	(25000, 3.0)	(26000, 2.0)	(27000, 1.0)	(28000, 4.0)	(29000, 1.0)	(30000, 2.0)	(31000, 2.0)	(32000, 2.0)	(33000, 0.0)	(34000, 6.0)	(35000, 4.0)	(36000, 2.0)	(37000, 0.0)	(38000, 0.0)	(39000, 3.0)	(40000, 1.0)	(41000, 0.0)	(42000, 1.0)	(43000, 2.0)	(44000, 3.0)	(45000, 1.0)	(46000, 0.0)	(47000, 0.0)	(48000, 1.0)		
FAY99780_pass_barcode01_98e12ebb_5ad7f319_101	(0, 178.0)	(1000, 123.0)	(2000, 64.0)	(3000, 60.0)	(4000, 46.0)	(5000, 29.0)	(6000, 14.0)	(7000, 15.0)	(8000, 8.0)	(9000, 8.0)	(10000, 14.0)	(11000, 7.0)	(12000, 5.0)	(13000, 10.0)	(14000, 7.0)	(15000, 6.0)	(16000, 3.0)	(17000, 3.0)	(18000, 9.0)	(19000, 6.0)	(20000, 6.0)	(21000, 5.0)	(22000, 2.0)	(23000, 7.0)	(24000, 3.0)	(25000, 2.0)	(26000, 1.0)	(27000, 2.0)	(28000, 2.0)	(29000, 1.0)	(30000, 3.0)	(31000, 1.0)	(32000, 5.0)	(33000, 2.0)	(34000, 0.0)	(35000, 1.0)	(36000, 1.0)	(37000, 4.0)	(38000, 0.0)	(39000, 1.0)	(40000, 1.0)	(41000, 0.0)	(42000, 0.0)	(43000, 1.0)	(44000, 0.0)	(45000, 1.0)					
FAY99780_pass_barcode01_98e12ebb_5ad7f319_102	(0, 234.0)	(2000, 99.0)	(4000, 50.0)	(6000, 35.0)	(8000, 20.0)	(10000, 24.0)	(12000, 12.0)	(14000, 14.0)	(16000, 16.0)	(18000, 2.0)	(20000, 1.0)	(22000, 11.0)	(24000, 6.0)	(26000, 6.0)	(28000, 2.0)	(30000, 0.0)	(32000, 9.0)	(34000, 6.0)	(36000, 3.0)	(38000, 3.0)	(40000, 0.0)	(42000, 2.0)	(44000, 0.0)	(46000, 2.0)	(48000, 1.0)	(50000, 0.0)	(52000, 0.0)	(54000, 1.0)																							
FAY99780_pass_barcode01_98e12ebb_5ad7f319_103	(0, 426.0)	(5000, 80.0)	(10000, 35.0)	(15000, 34.0)	(20000, 14.0)	(25000, 14.0)	(30000, 12.0)	(35000, 7.0)	(40000, 7.0)	(45000, 13.0)	(50000, 11.0)	(55000, 7.0)	(60000, 3.0)	(65000, 4.0)	(70000, 1.0)	(75000, 0.0)	(80000, 0.0)	(85000, 1.0)	(90000, 0.0)	(95000, 0.0)	(100000, 0.0)	(105000, 0.0)	(110000, 0.0)	(115000, 1.0)	(120000, 0.0)	(125000, 0.0)	(130000, 1.0)																								
FAY99780_pass_barcode01_98e12ebb_5ad7f319_104	(0, 241.0)	(2000, 79.0)	(4000, 44.0)	(6000, 20.0)	(8000, 20.0)	(10000, 9.0)	(12000, 17.0)	(14000, 8.0)	(16000, 5.0)	(18000, 3.0)	(20000, 4.0)	(22000, 5.0)	(24000, 4.0)	(26000, 6.0)	(28000, 2.0)	(30000, 0.0)	(32000, 2.0)	(34000, 5.0)	(36000, 3.0)	(38000, 0.0)	(40000, 0.0)	(42000, 1.0)	(44000, 1.0)	(46000, 0.0)	(48000, 2.0)	(50000, 0.0)	(52000, 1.0)																								
FAY99780_pass_barcode01_98e12ebb_5ad7f319_105	(0, 360.0)	(2000, 145.0)	(4000, 73.0)	(6000, 42.0)	(8000, 31.0)	(10000, 16.0)	(12000, 10.0)	(14000, 11.0)	(16000, 9.0)	(18000, 15.0)	(20000, 8.0)	(22000, 5.0)	(24000, 11.0)	(26000, 6.0)	(28000, 1.0)	(30000, 4.0)	(32000, 8.0)	(34000, 4.0)	(36000, 5.0)	(38000, 1.0)	(40000, 2.0)	(42000, 3.0)	(44000, 1.0)	(46000, 3.0)	(48000, 1.0)	(50000, 0.0)	(52000, 0.0)	(54000, 1.0)																							
FAY99780_pass_barcode01_98e12ebb_5ad7f319_106	(0, 176.0)	(1000, 156.0)	(2000, 86.0)	(3000, 63.0)	(4000, 26.0)	(5000, 29.0)	(6000, 20.0)	(7000, 12.0)	(8000, 21.0)	(9000, 14.0)	(10000, 4.0)	(11000, 12.0)	(12000, 5.0)	(13000, 11.0)	(14000, 11.0)	(15000, 4.0)	(16000, 2.0)	(17000, 5.0)	(18000, 4.0)	(19000, 2.0)	(20000, 2.0)	(21000, 4.0)	(22000, 3.0)	(23000, 6.0)	(24000, 0.0)	(25000, 3.0)	(26000, 3.0)	(27000, 2.0)	(28000, 2.0)	(29000, 2.0)	(30000, 3.0)	(31000, 2.0)	(32000, 2.0)	(33000, 3.0)	(34000, 3.0)	(35000, 3.0)	(36000, 2.0)	(37000, 3.0)	(38000, 2.0)	(39000, 3.0)	(40000, 0.0)	(41000, 3.0)	(42000, 3.0)	(43000, 1.0)	(44000, 1.0)	(45000, 2.0)	(46000, 0.0)	(47000, 0.0)	(48000, 0.0)	(49000, 0.0)	(50000, 1.0)
FAY99780_pass_barcode01_98e12ebb_5ad7f319_107	(0, 455.0)	(5000, 68.0)	(10000, 51.0)	(15000, 34.0)	(20000, 22.0)	(25000, 11.0)	(30000, 12.0)	(35000, 12.0)	(40000, 4.0)	(45000, 11.0)	(50000, 9.0)	(55000, 7.0)	(60000, 3.0)	(65000, 5.0)	(70000, 2.0)	(75000, 0.0)	(80000, 0.0)	(85000, 0.0)	(90000, 0.0)	(95000, 0.0)	(100000, 0.0)	(105000, 1.0)																													
FAY99780_pass_barcode01_98e12ebb_5ad7f319_108	(0, 164.0)	(1000, 121.0)	(2000, 78.0)	(3000, 41.0)	(4000, 27.0)	(5000, 22.0)	(6000, 17.0)	(7000, 11.0)	(8000, 13.0)	(9000, 8.0)	(10000, 8.0)	(11000, 6.0)	(12000, 6.0)	(13000, 6.0)	(14000, 3.0)	(15000, 8.0)	(16000, 3.0)	(17000, 3.0)	(18000, 3.0)	(19000, 4.0)	(20000, 6.0)	(21000, 2.0)	(22000, 2.0)	(23000, 5.0)	(24000, 0.0)	(25000, 4.0)	(26000, 5.0)	(27000, 3.0)	(28000, 2.0)	(29000, 6.0)	(30000, 3.0)	(31000, 2.0)	(32000, 3.0)	(33000, 1.0)	(34000, 6.0)	(35000, 2.0)	(36000, 1.0)	(37000, 0.0)	(38000, 3.0)	(39000, 0.0)	(40000, 4.0)	(41000, 0.0)	(42000, 2.0)	(43000, 0.0)	(44000, 0.0)	(45000, 3.0)	(46000, 1.0)	(47000, 0.0)	(48000, 0.0)	(49000, 0.0)	(50000, 1.0)
FAY99780_pass_barcode01_98e12ebb_5ad7f319_109	(0, 166.0)	(1000, 119.0)	(2000, 69.0)	(3000, 52.0)	(4000, 33.0)	(5000, 16.0)	(6000, 9.0)	(7000, 13.0)	(8000, 16.0)	(9000, 9.0)	(10000, 12.0)	(11000, 6.0)	(12000, 7.0)	(13000, 5.0)	(14000, 4.0)	(15000, 1.0)	(16000, 5.0)	(17000, 8.0)	(18000, 4.0)	(19000, 1.0)	(20000, 1.0)	(21000, 4.0)	(22000, 6.0)	(23000, 1.0)	(24000, 2.0)	(25000, 0.0)	(26000, 1.0)	(27000, 0.0)	(28000, 1.0)	(29000, 2.0)	(30000, 3.0)	(31000, 2.0)	(32000, 0.0)	(33000, 5.0)	(34000, 1.0)	(35000, 0.0)	(36000, 1.0)	(37000, 2.0)	(38000, 0.0)	(39000, 1.0)	(40000, 1.0)	(41000, 0.0)	(42000, 4.0)	(43000, 0.0)	(44000, 1.0)	(45000, 2.0)	(46000, 0.0)	(47000, 0.0)	(48000, 0.0)	(49000, 1.0)	
FAY99780_pass_barcode01_98e12ebb_5ad7f319_11	(0, 370.0)	(1000, 257.0)	(2000, 154.0)	(3000, 98.0)	(4000, 82.0)	(5000, 53.0)	(6000, 39.0)	(7000, 34.0)	(8000, 24.0)	(9000, 36.0)	(10000, 25.0)	(11000, 30.0)	(12000, 22.0)	(13000, 23.0)	(14000, 23.0)	(15000, 14.0)	(16000, 19.0)	(17000, 4.0)	(18000, 8.0)	(19000, 17.0)	(20000, 19.0)	(21000, 6.0)	(22000, 12.0)	(23000, 16.0)	(24000, 8.0)	(25000, 6.0)	(26000, 8.0)	(27000, 8.0)	(28000, 7.0)	(29000, 4.0)	(30000, 5.0)	(31000, 5.0)	(32000, 12.0)	(33000, 8.0)	(34000, 7.0)	(35000, 3.0)	(36000, 3.0)	(37000, 4.0)	(38000, 4.0)	(39000, 5.0)	(40000, 5.0)	(41000, 3.0)	(42000, 4.0)	(43000, 5.0)	(44000, 5.0)	(45000, 4.0)	(46000, 1.0)	(47000, 0.0)	(48000, 0.0)	(49000, 1.0)	
FAY99780_pass_barcode01_98e12ebb_5ad7f319_110	(0, 160.0)	(1000, 108.0)	(2000, 68.0)	(3000, 47.0)	(4000, 31.0)	(5000, 32.0)	(6000, 17.0)	(7000, 10.0)	(8000, 17.0)	(9000, 13.0)	(10000, 11.0)	(11000, 8.0)	(12000, 8.0)	(13000, 6.0)	(14000, 3.0)	(15000, 2.0)	(16000, 3.0)	(17000, 4.0)	(18000, 5.0)	(19000, 8.0)	(20000, 8.0)	(21000, 3.0)	(22000, 5.0)	(23000, 6.0)	(24000, 2.0)	(25000, 3.0)	(26000, 3.0)	(27000, 0.0)	(28000, 3.0)	(29000, 4.0)	(30000, 2.0)	(31000, 3.0)	(32000, 1.0)	(33000, 3.0)	(34000, 2.0)	(35000, 1.0)	(36000, 2.0)	(37000, 0.0)	(38000, 0.0)	(39000, 0.0)	(40000, 1.0)	(41000, 0.0)	(42000, 1.0)	(43000, 3.0)	(44000, 0.0)	(45000, 2.0)	(46000, 2.0)	(47000, 2.0)			
FAY99780_pass_barcode01_98e12ebb_5ad7f319_111	(0, 261.0)	(2000, 104.0)	(4000, 54.0)	(6000, 29.0)	(8000, 31.0)	(10000, 25.0)	(12000, 13.0)	(14000, 7.0)	(16000, 9.0)	(18000, 11.0)	(20000, 5.0)	(22000, 6.0)	(24000, 9.0)	(26000, 6.0)	(28000, 5.0)	(30000, 4.0)	(32000, 4.0)	(34000, 4.0)	(36000, 5.0)	(38000, 2.0)	(40000, 7.0)	(42000, 4.0)	(44000, 1.0)	(46000, 2.0)	(48000, 2.0)	(50000, 3.0)	(52000, 3.0)	(54000, 1.0)	(56000, 2.0)	(58000, 0.0)	(60000, 2.0)	(62000, 4.0)	(64000, 1.0)																		
FAY99780_pass_barcode01_98e12ebb_5ad7f319_112	(0, 299.0)	(2000, 126.0)	(4000, 50.0)	(6000, 34.0)	(8000, 21.0)	(10000, 16.0)	(12000, 9.0)	(14000, 9.0)	(16000, 8.0)	(18000, 12.0)	(20000, 10.0)	(22000, 5.0)	(24000, 2.0)	(26000, 4.0)	(28000, 3.0)	(30000, 2.0)	(32000, 1.0)	(34000, 7.0)	(36000, 2.0)	(38000, 5.0)	(40000, 3.0)	(42000, 4.0)	(44000, 4.0)	(46000, 0.0)	(48000, 2.0)	(50000, 1.0)	(52000, 1.0)	(54000, 2.0)	(56000, 2.0)	(58000, 3.0)	(60000, 3.0)	(62000, 1.0)	(64000, 1.0)	(66000, 1.0)	(68000, 0.0)	(70000, 0.0)	(72000, 1.0)														
FAY99780_pass_barcode01_98e12ebb_5ad7f319_113	(0, 118.0)	(1000, 75.0)	(2000, 53.0)	(3000, 31.0)	(4000, 13.0)	(5000, 12.0)	(6000, 14.0)	(7000, 11.0)	(8000, 7.0)	(9000, 1.0)	(10000, 11.0)	(11000, 3.0)	(12000, 3.0)	(13000, 6.0)	(14000, 7.0)	(15000, 4.0)	(16000, 5.0)	(17000, 5.0)	(18000, 3.0)	(19000, 2.0)	(20000, 1.0)	(21000, 4.0)	(22000, 1.0)	(23000, 1.0)	(24000, 1.0)	(25000, 1.0)	(26000, 0.0)	(27000, 1.0)	(28000, 6.0)	(29000, 3.0)	(30000, 0.0)	(31000, 1.0)	(32000, 3.0)	(33000, 4.0)	(34000, 2.0)	(35000, 1.0)	(36000, 1.0)	(37000, 1.0)	(38000, 0.0)	(39000, 0.0)	(40000, 1.0)	(41000, 1.0)	(42000, 3.0)	(43000, 0.0)	(44000, 1.0)						
FAY99780_pass_barcode01_98e12ebb_5ad7f319_114	(0, 215.0)	(1000, 151.0)	(2000, 93.0)	(3000, 46.0)	(4000, 35.0)	(5000, 19.0)	(6000, 16.0)	(7000, 17.0)	(8000, 14.0)	(9000, 14.0)	(10000, 13.0)	(11000, 7.0)	(12000, 5.0)	(13000, 6.0)	(14000, 4.0)	(15000, 6.0)	(16000, 6.0)	(17000, 8.0)	(18000, 7.0)	(19000, 4.0)	(20000, 6.0)	(21000, 1.0)	(22000, 4.0)	(23000, 5.0)	(24000, 2.0)	(25000, 4.0)	(26000, 0.0)	(27000, 3.0)	(28000, 4.0)	(29000, 3.0)	(30000, 2.0)	(31000, 1.0)	(32000, 5.0)	(33000, 4.0)	(34000, 1.0)	(35000, 1.0)	(36000, 4.0)	(37000, 4.0)	(38000, 0.0)	(39000, 1.0)	(40000, 1.0)	(41000, 2.0)	(42000, 1.0)	(43000, 0.0)	(44000, 0.0)	(45000, 2.0)	(46000, 0.0)	(47000, 1.0)	(48000, 0.0)	(49000, 1.0)	
FAY99780_pass_barcode01_98e12ebb_5ad7f319_115	(0, 161.0)	(1000, 143.0)	(2000, 74.0)	(3000, 53.0)	(4000, 35.0)	(5000, 18.0)	(6000, 21.0)	(7000, 18.0)	(8000, 13.0)	(9000, 11.0)	(10000, 7.0)	(11000, 8.0)	(12000, 9.0)	(13000, 8.0)	(14000, 3.0)	(15000, 1.0)	(16000, 9.0)	(17000, 4.0)	(18000, 5.0)	(19000, 2.0)	(20000, 5.0)	(21000, 1.0)	(22000, 2.0)	(23000, 2.0)	(24000, 2.0)	(25000, 2.0)	(26000, 2.0)	(27000, 3.0)	(28000, 3.0)	(29000, 5.0)	(30000, 2.0)	(31000, 2.0)	(32000, 2.0)	(33000, 0.0)	(34000, 2.0)	(35000, 2.0)	(36000, 2.0)	(37000, 1.0)	(38000, 0.0)	(39000, 2.0)	(40000, 1.0)	(41000, 2.0)	(42000, 0.0)	(43000, 1.0)	(44000, 0.0)	(45000, 1.0)	(46000, 1.0)	(47000, 0.0)	(48000, 1.0)	(49000, 1.0)	
FAY99780_pass_barcode01_98e12ebb_5ad7f319_116	(0, 296.0)	(2000, 111.0)	(4000, 52.0)	(6000, 30.0)	(8000, 20.0)	(10000, 17.0)	(12000, 5.0)	(14000, 16.0)	(16000, 11.0)	(18000, 8.0)	(20000, 8.0)	(22000, 4.0)	(24000, 11.0)	(26000, 6.0)	(28000, 3.0)	(30000, 3.0)	(32000, 6.0)	(34000, 5.0)	(36000, 6.0)	(38000, 5.0)	(40000, 4.0)	(42000, 5.0)	(44000, 4.0)	(46000, 6.0)	(48000, 3.0)	(50000, 5.0)	(52000, 8.0)	(54000, 0.0)	(56000, 2.0)	(58000, 2.0)	(60000, 3.0)	(62000, 0.0)	(64000, 1.0)	(66000, 1.0)	(68000, 1.0)	(70000, 2.0)	(72000, 0.0)	(74000, 0.0)	(76000, 1.0)												
FAY99780_pass_barcode01_98e12ebb_5ad7f319_117	(0, 297.0)	(2000, 116.0)	(4000, 66.0)	(6000, 33.0)	(8000, 14.0)	(10000, 18.0)	(12000, 19.0)	(14000, 15.0)	(16000, 11.0)	(18000, 3.0)	(20000, 5.0)	(22000, 5.0)	(24000, 4.0)	(26000, 7.0)	(28000, 7.0)	(30000, 9.0)	(32000, 7.0)	(34000, 4.0)	(36000, 4.0)	(38000, 3.0)	(40000, 1.0)	(42000, 3.0)	(44000, 1.0)	(46000, 1.0)	(48000, 0.0)	(50000, 0.0)	(52000, 0.0)	(54000, 1.0)	(56000, 0.0)	(58000, 1.0)																					
FAY99780_pass_barcode01_98e12ebb_5ad7f319_118	(0, 181.0)	(1000, 104.0)	(2000, 72.0)	(3000, 41.0)	(4000, 27.0)	(5000, 31.0)	(6000, 14.0)	(7000, 14.0)	(8000, 12.0)	(9000, 10.0)	(10000, 11.0)	(11000, 6.0)	(12000, 8.0)	(13000, 6.0)	(14000, 5.0)	(15000, 4.0)	(16000, 6.0)	(17000, 7.0)	(18000, 4.0)	(19000, 0.0)	(20000, 3.0)	(21000, 4.0)	(22000, 4.0)	(23000, 8.0)	(24000, 4.0)	(25000, 6.0)	(26000, 1.0)	(27000, 7.0)	(28000, 0.0)	(29000, 2.0)	(30000, 4.0)	(31000, 1.0)	(32000, 2.0)	(33000, 2.0)	(34000, 1.0)	(35000, 1.0)	(36000, 1.0)	(37000, 3.0)	(38000, 4.0)	(39000, 1.0)	(40000, 0.0)	(41000, 2.0)	(42000, 1.0)	(43000, 1.0)	(44000, 1.0)	(45000, 0.0)	(46000, 0.0)	(47000, 1.0)	(48000, 1.0)		
FAY99780_pass_barcode01_98e12ebb_5ad7f319_119	(0, 140.0)	(1000, 147.0)	(2000, 74.0)	(3000, 37.0)	(4000, 24.0)	(5000, 28.0)	(6000, 17.0)	(7000, 9.0)	(8000, 10.0)	(9000, 3.0)	(10000, 4.0)	(11000, 1.0)	(12000, 6.0)	(13000, 2.0)	(14000, 4.0)	(15000, 7.0)	(16000, 7.0)	(17000, 2.0)	(18000, 3.0)	(19000, 3.0)	(20000, 4.0)	(21000, 4.0)	(22000, 4.0)	(23000, 3.0)	(24000, 5.0)	(25000, 0.0)	(26000, 1.0)	(27000, 2.0)	(28000, 3.0)	(29000, 2.0)	(30000, 3.0)	(31000, 6.0)	(32000, 0.0)	(33000, 0.0)	(34000, 5.0)	(35000, 2.0)	(36000, 0.0)	(37000, 5.0)	(38000, 2.0)	(39000, 2.0)	(40000, 0.0)	(41000, 4.0)	(42000, 1.0)	(43000, 1.0)	(44000, 0.0)	(45000, 0.0)	(46000, 0.0)	(47000, 1.0)	(48000, 1.0)		
FAY99780_pass_barcode01_98e12ebb_5ad7f319_12	(0, 596.0)	(2000, 204.0)	(4000, 132.0)	(6000, 68.0)	(8000, 46.0)	(10000, 45.0)	(12000, 35.0)	(14000, 26.0)	(16000, 21.0)	(18000, 21.0)	(20000, 21.0)	(22000, 11.0)	(24000, 13.0)	(26000, 20.0)	(28000, 13.0)	(30000, 7.0)	(32000, 4.0)	(34000, 16.0)	(36000, 6.0)	(38000, 7.0)	(40000, 6.0)	(42000, 6.0)	(44000, 7.0)	(46000, 2.0)	(48000, 2.0)	(50000, 2.0)	(52000, 0.0)	(54000, 0.0)	(56000, 0.0)	(58000, 0.0)	(60000, 0.0)	(62000, 0.0)	(64000, 0.0)	(66000, 0.0)	(68000, 1.0)	(70000, 0.0)	(72000, 0.0)	(74000, 0.0)	(76000, 1.0)												
FAY99780_pass_barcode01_98e12ebb_5ad7f319_120	(0, 387.0)	(5000, 52.0)	(10000, 26.0)	(15000, 23.0)	(20000, 15.0)	(25000, 5.0)	(30000, 8.0)	(35000, 6.0)	(40000, 5.0)	(45000, 16.0)	(50000, 10.0)	(55000, 9.0)	(60000, 6.0)	(65000, 1.0)	(70000, 1.0)	(75000, 2.0)	(80000, 2.0)	(85000, 1.0)	(90000, 0.0)	(95000, 0.0)	(100000, 1.0)																														
FAY99780_pass_barcode01_98e12ebb_5ad7f319_121	(0, 109.0)	(1000, 117.0)	(2000, 66.0)	(3000, 47.0)	(4000, 26.0)	(5000, 26.0)	(6000, 13.0)	(7000, 11.0)	(8000, 9.0)	(9000, 9.0)	(10000, 11.0)	(11000, 5.0)	(12000, 4.0)	(13000, 3.0)	(14000, 6.0)	(15000, 6.0)	(16000, 7.0)	(17000, 3.0)	(18000, 5.0)	(19000, 3.0)	(20000, 4.0)	(21000, 7.0)	(22000, 2.0)	(23000, 3.0)	(24000, 2.0)	(25000, 1.0)	(26000, 1.0)	(27000, 1.0)	(28000, 4.0)	(29000, 2.0)	(30000, 1.0)	(31000, 2.0)	(32000, 2.0)	(33000, 0.0)	(34000, 1.0)	(35000, 0.0)	(36000, 0.0)	(37000, 1.0)	(38000, 3.0)	(39000, 3.0)	(40000, 0.0)	(41000, 0.0)	(42000, 0.0)	(43000, 1.0)	(44000, 0.0)	(45000, 0.0)	(46000, 1.0)	(47000, 1.0)			
FAY99780_pass_barcode01_98e12ebb_5ad7f319_122	(0, 244.0)	(2000, 82.0)	(4000, 58.0)	(6000, 18.0)	(8000, 13.0)	(10000, 13.0)	(12000, 5.0)	(14000, 10.0)	(16000, 10.0)	(18000, 3.0)	(20000, 6.0)	(22000, 8.0)	(24000, 4.0)	(26000, 4.0)	(28000, 3.0)	(30000, 4.0)	(32000, 3.0)	(34000, 1.0)	(36000, 2.0)	(38000, 1.0)	(40000, 0.0)	(42000, 1.0)	(44000, 0.0)	(46000, 1.0)	(48000, 0.0)	(50000, 0.0)	(52000, 2.0)																								
FAY99780_pass_barcode01_98e12ebb_5ad7f319_123	(0, 141.0)	(1000, 88.0)	(2000, 49.0)	(3000, 34.0)	(4000, 28.0)	(5000, 13.0)	(6000, 8.0)	(7000, 9.0)	(8000, 4.0)	(9000, 3.0)	(10000, 7.0)	(11000, 7.0)	(12000, 5.0)	(13000, 5.0)	(14000, 5.0)	(15000, 1.0)	(16000, 5.0)	(17000, 5.0)	(18000, 2.0)	(19000, 2.0)	(20000, 1.0)	(21000, 2.0)	(22000, 1.0)	(23000, 2.0)	(24000, 0.0)	(25000, 1.0)	(26000, 1.0)	(27000, 2.0)	(28000, 0.0)	(29000, 2.0)	(30000, 3.0)	(31000, 0.0)	(32000, 0.0)	(33000, 1.0)	(34000, 0.0)	(35000, 0.0)	(36000, 1.0)	(37000, 2.0)	(38000, 0.0)	(39000, 0.0)	(40000, 0.0)	(41000, 0.0)	(42000, 0.0)	(43000, 2.0)	(44000, 1.0)	(45000, 0.0)	(46000, 1.0)				
FAY99780_pass_barcode01_98e12ebb_5ad7f319_124	(0, 175.0)	(1000, 125.0)	(2000, 63.0)	(3000, 46.0)	(4000, 36.0)	(5000, 27.0)	(6000, 11.0)	(7000, 12.0)	(8000, 11.0)	(9000, 9.0)	(10000, 8.0)	(11000, 7.0)	(12000, 14.0)	(13000, 2.0)	(14000, 7.0)	(15000, 5.0)	(16000, 5.0)	(17000, 3.0)	(18000, 2.0)	(19000, 3.0)	(20000, 5.0)	(21000, 4.0)	(22000, 2.0)	(23000, 2.0)	(24000, 4.0)	(25000, 0.0)	(26000, 1.0)	(27000, 2.0)	(28000, 3.0)	(29000, 7.0)	(30000, 1.0)	(31000, 2.0)	(32000, 1.0)	(33000, 1.0)	(34000, 1.0)	(35000, 1.0)	(36000, 3.0)	(37000, 1.0)	(38000, 1.0)	(39000, 1.0)	(40000, 2.0)	(41000, 2.0)	(42000, 1.0)	(43000, 1.0)	(44000, 1.0)	(45000, 0.0)	(46000, 1.0)	(47000, 1.0)	(48000, 2.0)	(49000, 1.0)	
FAY99780_pass_barcode01_98e12ebb_5ad7f319_125	(0, 453.0)	(5000, 96.0)	(10000, 34.0)	(15000, 20.0)	(20000, 20.0)	(25000, 12.0)	(30000, 8.0)	(35000, 7.0)	(40000, 10.0)	(45000, 7.0)	(50000, 14.0)	(55000, 10.0)	(60000, 5.0)	(65000, 2.0)	(70000, 1.0)	(75000, 1.0)	(80000, 0.0)	(85000, 1.0)	(90000, 1.0)	(95000, 0.0)	(100000, 0.0)	(105000, 0.0)	(110000, 0.0)	(115000, 0.0)	(120000, 0.0)	(125000, 0.0)	(130000, 1.0)																								
FAY99780_pass_barcode01_98e12ebb_5ad7f319_126	(0, 273.0)	(2000, 106.0)	(4000, 51.0)	(6000, 28.0)	(8000, 31.0)	(10000, 20.0)	(12000, 13.0)	(14000, 14.0)	(16000, 13.0)	(18000, 6.0)	(20000, 9.0)	(22000, 4.0)	(24000, 8.0)	(26000, 8.0)	(28000, 4.0)	(30000, 5.0)	(32000, 2.0)	(34000, 2.0)	(36000, 2.0)	(38000, 3.0)	(40000, 2.0)	(42000, 1.0)	(44000, 3.0)	(46000, 1.0)	(48000, 0.0)	(50000, 0.0)	(52000, 1.0)																								
FAY99780_pass_barcode01_98e12ebb_5ad7f319_127	(0, 130.0)	(1000, 112.0)	(2000, 88.0)	(3000, 41.0)	(4000, 36.0)	(5000, 18.0)	(6000, 12.0)	(7000, 14.0)	(8000, 15.0)	(9000, 10.0)	(10000, 4.0)	(11000, 8.0)	(12000, 3.0)	(13000, 4.0)	(14000, 5.0)	(15000, 4.0)	(16000, 3.0)	(17000, 6.0)	(18000, 6.0)	(19000, 10.0)	(20000, 5.0)	(21000, 3.0)	(22000, 0.0)	(23000, 3.0)	(24000, 4.0)	(25000, 4.0)	(26000, 4.0)	(27000, 6.0)	(28000, 4.0)	(29000, 0.0)	(30000, 1.0)	(31000, 3.0)	(32000, 0.0)	(33000, 0.0)	(34000, 2.0)	(35000, 0.0)	(36000, 0.0)	(37000, 0.0)	(38000, 1.0)	(39000, 0.0)	(40000, 0.0)	(41000, 1.0)	(42000, 0.0)	(43000, 0.0)	(44000, 2.0)	(45000, 1.0)					
FAY99780_pass_barcode01_98e12ebb_5ad7f319_128	(0, 142.0)	(1000, 101.0)	(2000, 63.0)	(3000, 30.0)	(4000, 31.0)	(5000, 20.0)	(6000, 15.0)	(7000, 15.0)	(8000, 11.0)	(9000, 5.0)	(10000, 8.0)	(11000, 11.0)	(12000, 3.0)	(13000, 5.0)	(14000, 3.0)	(15000, 2.0)	(16000, 5.0)	(17000, 2.0)	(18000, 6.0)	(19000, 9.0)	(20000, 4.0)	(21000, 2.0)	(22000, 2.0)	(23000, 4.0)	(24000, 1.0)	(25000, 0.0)	(26000, 2.0)	(27000, 5.0)	(28000, 0.0)	(29000, 2.0)	(30000, 2.0)	(31000, 0.0)	(32000, 3.0)	(33000, 1.0)	(34000, 1.0)	(35000, 5.0)	(36000, 4.0)	(37000, 2.0)	(38000, 1.0)	(39000, 3.0)	(40000, 0.0)	(41000, 0.0)	(42000, 1.0)	(43000, 1.0)	(44000, 0.0)	(45000, 1.0)	(46000, 1.0)				
FAY99780_pass_barcode01_98e12ebb_5ad7f319_129	(0, 144.0)	(1000, 110.0)	(2000, 46.0)	(3000, 49.0)	(4000, 42.0)	(5000, 14.0)	(6000, 14.0)	(7000, 19.0)	(8000, 8.0)	(9000, 12.0)	(10000, 5.0)	(11000, 6.0)	(12000, 9.0)	(13000, 2.0)	(14000, 3.0)	(15000, 5.0)	(16000, 7.0)	(17000, 3.0)	(18000, 2.0)	(19000, 2.0)	(20000, 1.0)	(21000, 4.0)	(22000, 2.0)	(23000, 3.0)	(24000, 0.0)	(25000, 2.0)	(26000, 3.0)	(27000, 3.0)	(28000, 2.0)	(29000, 3.0)	(30000, 2.0)	(31000, 1.0)	(32000, 0.0)	(33000, 1.0)	(34000, 2.0)	(35000, 0.0)	(36000, 0.0)	(37000, 2.0)	(38000, 2.0)	(39000, 1.0)	(40000, 0.0)	(41000, 0.0)	(42000, 2.0)	(43000, 2.0)	(44000, 0.0)	(45000, 0.0)	(46000, 0.0)	(47000, 0.0)	(48000, 2.0)		
FAY99780_pass_barcode01_98e12ebb_5ad7f319_13	(0, 966.0)	(5000, 178.0)	(10000, 85.0)	(15000, 59.0)	(20000, 43.0)	(25000, 38.0)	(30000, 30.0)	(35000, 19.0)	(40000, 17.0)	(45000, 21.0)	(50000, 12.0)	(55000, 13.0)	(60000, 9.0)	(65000, 0.0)	(70000, 2.0)	(75000, 2.0)	(80000, 0.0)	(85000, 1.0)	(90000, 1.0)	(95000, 0.0)	(100000, 0.0)	(105000, 0.0)	(110000, 0.0)	(115000, 0.0)	(120000, 1.0)																										
FAY99780_pass_barcode01_98e12ebb_5ad7f319_130	(0, 259.0)	(2000, 94.0)	(4000, 62.0)	(6000, 24.0)	(8000, 19.0)	(10000, 11.0)	(12000, 10.0)	(14000, 10.0)	(16000, 6.0)	(18000, 10.0)	(20000, 4.0)	(22000, 8.0)	(24000, 6.0)	(26000, 1.0)	(28000, 2.0)	(30000, 1.0)	(32000, 1.0)	(34000, 6.0)	(36000, 4.0)	(38000, 3.0)	(40000, 6.0)	(42000, 0.0)	(44000, 4.0)	(46000, 0.0)	(48000, 6.0)	(50000, 7.0)	(52000, 3.0)	(54000, 4.0)	(56000, 2.0)	(58000, 1.0)	(60000, 1.0)	(62000, 1.0)	(64000, 2.0)	(66000, 2.0)	(68000, 2.0)	(70000, 1.0)	(72000, 0.0)	(74000, 0.0)	(76000, 0.0)	(78000, 1.0)											
FAY99780_pass_barcode01_98e12ebb_5ad7f319_131	(0, 139.0)	(1000, 108.0)	(2000, 63.0)	(3000, 36.0)	(4000, 27.0)	(5000, 22.0)	(6000, 10.0)	(7000, 7.0)	(8000, 14.0)	(9000, 5.0)	(10000, 5.0)	(11000, 9.0)	(12000, 6.0)	(13000, 5.0)	(14000, 3.0)	(15000, 4.0)	(16000, 3.0)	(17000, 3.0)	(18000, 2.0)	(19000, 6.0)	(20000, 1.0)	(21000, 4.0)	(22000, 0.0)	(23000, 4.0)	(24000, 0.0)	(25000, 5.0)	(26000, 1.0)	(27000, 2.0)	(28000, 3.0)	(29000, 4.0)	(30000, 2.0)	(31000, 2.0)	(32000, 0.0)	(33000, 1.0)	(34000, 1.0)	(35000, 2.0)	(36000, 1.0)	(37000, 2.0)	(38000, 1.0)	(39000, 0.0)	(40000, 1.0)	(41000, 2.0)	(42000, 1.0)	(43000, 0.0)	(44000, 2.0)	(45000, 1.0)	(46000, 1.0)	(47000, 0.0)	(48000, 0.0)	(49000, 1.0)	
FAY99780_pass_barcode01_98e12ebb_5ad7f319_132	(0, 86.0)	(1000, 66.0)	(2000, 43.0)	(3000, 27.0)	(4000, 12.0)	(5000, 13.0)	(6000, 6.0)	(7000, 5.0)	(8000, 8.0)	(9000, 3.0)	(10000, 7.0)	(11000, 4.0)	(12000, 2.0)	(13000, 4.0)	(14000, 1.0)	(15000, 4.0)	(16000, 4.0)	(17000, 4.0)	(18000, 0.0)	(19000, 1.0)	(20000, 2.0)	(21000, 2.0)	(22000, 1.0)	(23000, 1.0)	(24000, 3.0)	(25000, 0.0)	(26000, 1.0)	(27000, 2.0)	(28000, 1.0)	(29000, 1.0)	(30000, 0.0)	(31000, 5.0)	(32000, 0.0)	(33000, 1.0)	(34000, 1.0)	(35000, 0.0)	(36000, 1.0)	(37000, 0.0)	(38000, 0.0)	(39000, 0.0)	(40000, 0.0)	(41000, 1.0)	(42000, 1.0)	(43000, 0.0)	(44000, 2.0)	(45000, 0.0)	(46000, 1.0)	(47000, 0.0)	(48000, 0.0)	(49000, 1.0)	
FAY99780_pass_barcode01_98e12ebb_5ad7f319_133	(0, 333.0)	(2000, 141.0)	(4000, 61.0)	(6000, 31.0)	(8000, 23.0)	(10000, 12.0)	(12000, 6.0)	(14000, 6.0)	(16000, 7.0)	(18000, 7.0)	(20000, 9.0)	(22000, 10.0)	(24000, 6.0)	(26000, 4.0)	(28000, 5.0)	(30000, 0.0)	(32000, 4.0)	(34000, 2.0)	(36000, 3.0)	(38000, 3.0)	(40000, 0.0)	(42000, 2.0)	(44000, 3.0)	(46000, 0.0)	(48000, 2.0)	(50000, 0.0)	(52000, 0.0)	(54000, 0.0)	(56000, 0.0)	(58000, 0.0)	(60000, 1.0)																				
FAY99780_pass_barcode01_98e12ebb_5ad7f319_134	(0, 278.0)	(2000, 86.0)	(4000, 49.0)	(6000, 24.0)	(8000, 19.0)	(10000, 11.0)	(12000, 8.0)	(14000, 4.0)	(16000, 6.0)	(18000, 6.0)	(20000, 6.0)	(22000, 5.0)	(24000, 5.0)	(26000, 2.0)	(28000, 4.0)	(30000, 6.0)	(32000, 2.0)	(34000, 4.0)	(36000, 2.0)	(38000, 2.0)	(40000, 2.0)	(42000, 0.0)	(44000, 1.0)	(46000, 1.0)	(48000, 0.0)	(50000, 0.0)	(52000, 1.0)																								
FAY99780_pass_barcode01_98e12ebb_5ad7f319_135	(0, 163.0)	(1000, 118.0)	(2000, 68.0)	(3000, 44.0)	(4000, 30.0)	(5000, 16.0)	(6000, 24.0)	(7000, 18.0)	(8000, 11.0)	(9000, 8.0)	(10000, 6.0)	(11000, 12.0)	(12000, 5.0)	(13000, 6.0)	(14000, 5.0)	(15000, 6.0)	(16000, 5.0)	(17000, 4.0)	(18000, 1.0)	(19000, 1.0)	(20000, 5.0)	(21000, 6.0)	(22000, 1.0)	(23000, 2.0)	(24000, 4.0)	(25000, 2.0)	(26000, 2.0)	(27000, 3.0)	(28000, 1.0)	(29000, 4.0)	(30000, 0.0)	(31000, 3.0)	(32000, 1.0)	(33000, 1.0)	(34000, 1.0)	(35000, 0.0)	(36000, 3.0)	(37000, 0.0)	(38000, 1.0)	(39000, 1.0)	(40000, 1.0)	(41000, 0.0)	(42000, 0.0)	(43000, 1.0)	(44000, 0.0)	(45000, 2.0)	(46000, 1.0)				
FAY99780_pass_barcode01_98e12ebb_5ad7f319_136	(0, 189.0)	(1000, 120.0)	(2000, 58.0)	(3000, 36.0)	(4000, 40.0)	(5000, 20.0)	(6000, 7.0)	(7000, 14.0)	(8000, 8.0)	(9000, 9.0)	(10000, 7.0)	(11000, 10.0)	(12000, 7.0)	(13000, 3.0)	(14000, 8.0)	(15000, 7.0)	(16000, 3.0)	(17000, 7.0)	(18000, 2.0)	(19000, 1.0)	(20000, 2.0)	(21000, 4.0)	(22000, 3.0)	(23000, 5.0)	(24000, 3.0)	(25000, 3.0)	(26000, 3.0)	(27000, 0.0)	(28000, 3.0)	(29000, 1.0)	(30000, 3.0)	(31000, 3.0)	(32000, 0.0)	(33000, 2.0)	(34000, 1.0)	(35000, 3.0)	(36000, 1.0)	(37000, 1.0)	(38000, 0.0)	(39000, 1.0)	(40000, 0.0)	(41000, 1.0)	(42000, 0.0)	(43000, 1.0)	(44000, 1.0)	(45000, 1.0)	(46000, 1.0)	(47000, 0.0)	(48000, 2.0)	(49000, 1.0)	
FAY99780_pass_barcode01_98e12ebb_5ad7f319_137	(0, 156.0)	(1000, 100.0)	(2000, 78.0)	(3000, 45.0)	(4000, 20.0)	(5000, 13.0)	(6000, 12.0)	(7000, 18.0)	(8000, 17.0)	(9000, 10.0)	(10000, 5.0)	(11000, 1.0)	(12000, 4.0)	(13000, 4.0)	(14000, 1.0)	(15000, 3.0)	(16000, 5.0)	(17000, 1.0)	(18000, 1.0)	(19000, 3.0)	(20000, 7.0)	(21000, 0.0)	(22000, 2.0)	(23000, 2.0)	(24000, 3.0)	(25000, 2.0)	(26000, 1.0)	(27000, 1.0)	(28000, 0.0)	(29000, 3.0)	(30000, 3.0)	(31000, 6.0)	(32000, 3.0)	(33000, 0.0)	(34000, 1.0)	(35000, 0.0)	(36000, 2.0)	(37000, 0.0)	(38000, 1.0)	(39000, 2.0)	(40000, 2.0)	(41000, 0.0)	(42000, 1.0)	(43000, 1.0)	(44000, 0.0)	(45000, 3.0)	(46000, 0.0)	(47000, 0.0)	(48000, 0.0)	(49000, 1.0)	
FAY99780_pass_barcode01_98e12ebb_5ad7f319_138	(0, 132.0)	(1000, 92.0)	(2000, 64.0)	(3000, 38.0)	(4000, 28.0)	(5000, 31.0)	(6000, 16.0)	(7000, 18.0)	(8000, 7.0)	(9000, 6.0)	(10000, 16.0)	(11000, 4.0)	(12000, 6.0)	(13000, 4.0)	(14000, 6.0)	(15000, 6.0)	(16000, 0.0)	(17000, 1.0)	(18000, 2.0)	(19000, 2.0)	(20000, 5.0)	(21000, 2.0)	(22000, 3.0)	(23000, 4.0)	(24000, 1.0)	(25000, 3.0)	(26000, 1.0)	(27000, 5.0)	(28000, 2.0)	(29000, 0.0)	(30000, 0.0)	(31000, 0.0)	(32000, 3.0)	(33000, 4.0)	(34000, 1.0)	(35000, 0.0)	(36000, 2.0)	(37000, 2.0)	(38000, 1.0)	(39000, 1.0)	(40000, 0.0)	(41000, 1.0)	(42000, 0.0)	(43000, 1.0)	(44000, 0.0)	(45000, 1.0)	(46000, 1.0)	(47000, 0.0)	(48000, 0.0)	(49000, 1.0)	
FAY99780_pass_barcode01_98e12ebb_5ad7f319_139	(0, 238.0)	(2000, 99.0)	(4000, 40.0)	(6000, 20.0)	(8000, 14.0)	(10000, 11.0)	(12000, 19.0)	(14000, 5.0)	(16000, 10.0)	(18000, 7.0)	(20000, 3.0)	(22000, 7.0)	(24000, 5.0)	(26000, 4.0)	(28000, 1.0)	(30000, 1.0)	(32000, 3.0)	(34000, 5.0)	(36000, 2.0)	(38000, 1.0)	(40000, 2.0)	(42000, 1.0)	(44000, 1.0)	(46000, 1.0)	(48000, 1.0)	(50000, 0.0)	(52000, 1.0)																								
FAY99780_pass_barcode01_98e12ebb_5ad7f319_14	(0, 598.0)	(2000, 231.0)	(4000, 113.0)	(6000, 70.0)	(8000, 50.0)	(10000, 37.0)	(12000, 26.0)	(14000, 29.0)	(16000, 23.0)	(18000, 24.0)	(20000, 17.0)	(22000, 20.0)	(24000, 16.0)	(26000, 19.0)	(28000, 14.0)	(30000, 13.0)	(32000, 12.0)	(34000, 9.0)	(36000, 11.0)	(38000, 9.0)	(40000, 9.0)	(42000, 5.0)	(44000, 4.0)	(46000, 5.0)	(48000, 3.0)	(50000, 0.0)	(52000, 1.0)																								
FAY99780_pass_barcode01_98e12ebb_5ad7f319_140	(0, 328.0)	(5000, 54.0)	(10000, 22.0)	(15000, 13.0)	(20000, 11.0)	(25000, 11.0)	(30000, 11.0)	(35000, 11.0)	(40000, 17.0)	(45000, 14.0)	(50000, 21.0)	(55000, 13.0)	(60000, 8.0)	(65000, 10.0)	(70000, 5.0)	(75000, 0.0)	(80000, 0.0)	(85000, 0.0)	(90000, 1.0)	(95000, 0.0)	(100000, 1.0)																														
FAY99780_pass_barcode01_98e12ebb_5ad7f319_141	(0, 137.0)	(1000, 106.0)	(2000, 62.0)	(3000, 28.0)	(4000, 14.0)	(5000, 13.0)	(6000, 10.0)	(7000, 8.0)	(8000, 12.0)	(9000, 2.0)	(10000, 2.0)	(11000, 2.0)	(12000, 4.0)	(13000, 7.0)	(14000, 2.0)	(15000, 3.0)	(16000, 7.0)	(17000, 0.0)	(18000, 3.0)	(19000, 5.0)	(20000, 4.0)	(21000, 2.0)	(22000, 0.0)	(23000, 3.0)	(24000, 2.0)	(25000, 2.0)	(26000, 4.0)	(27000, 2.0)	(28000, 3.0)	(29000, 1.0)	(30000, 1.0)	(31000, 1.0)	(32000, 1.0)	(33000, 3.0)	(34000, 1.0)	(35000, 3.0)	(36000, 0.0)	(37000, 1.0)	(38000, 2.0)	(39000, 1.0)	(40000, 0.0)	(41000, 1.0)	(42000, 0.0)	(43000, 0.0)	(44000, 3.0)	(45000, 1.0)	(46000, 0.0)	(47000, 0.0)	(48000, 2.0)	(49000, 0.0)	(50000, 1.0)
FAY99780_pass_barcode01_98e12ebb_5ad7f319_142	(0, 116.0)	(1000, 98.0)	(2000, 40.0)	(3000, 24.0)	(4000, 25.0)	(5000, 26.0)	(6000, 7.0)	(7000, 11.0)	(8000, 7.0)	(9000, 5.0)	(10000, 3.0)	(11000, 8.0)	(12000, 3.0)	(13000, 0.0)	(14000, 1.0)	(15000, 0.0)	(16000, 2.0)	(17000, 1.0)	(18000, 4.0)	(19000, 0.0)	(20000, 3.0)	(21000, 2.0)	(22000, 0.0)	(23000, 2.0)	(24000, 0.0)	(25000, 1.0)	(26000, 0.0)	(27000, 1.0)	(28000, 0.0)	(29000, 1.0)	(30000, 1.0)	(31000, 2.0)	(32000, 0.0)	(33000, 0.0)	(34000, 0.0)	(35000, 2.0)	(36000, 0.0)	(37000, 1.0)	(38000, 1.0)	(39000, 0.0)	(40000, 0.0)	(41000, 1.0)	(42000, 0.0)	(43000, 0.0)	(44000, 0.0)	(45000, 0.0)	(46000, 0.0)	(47000, 1.0)			
FAY99780_pass_barcode01_98e12ebb_5ad7f319_143	(0, 165.0)	(1000, 101.0)	(2000, 63.0)	(3000, 27.0)	(4000, 22.0)	(5000, 16.0)	(6000, 14.0)	(7000, 12.0)	(8000, 11.0)	(9000, 8.0)	(10000, 12.0)	(11000, 7.0)	(12000, 9.0)	(13000, 3.0)	(14000, 2.0)	(15000, 5.0)	(16000, 3.0)	(17000, 6.0)	(18000, 5.0)	(19000, 4.0)	(20000, 3.0)	(21000, 7.0)	(22000, 4.0)	(23000, 2.0)	(24000, 3.0)	(25000, 0.0)	(26000, 1.0)	(27000, 2.0)	(28000, 1.0)	(29000, 1.0)	(30000, 1.0)	(31000, 1.0)	(32000, 1.0)	(33000, 0.0)	(34000, 0.0)	(35000, 1.0)	(36000, 1.0)	(37000, 2.0)	(38000, 0.0)	(39000, 2.0)	(40000, 0.0)	(41000, 2.0)	(42000, 1.0)	(43000, 1.0)	(44000, 1.0)	(45000, 0.0)	(46000, 1.0)				
FAY99780_pass_barcode01_98e12ebb_5ad7f319_144	(0, 152.0)	(1000, 100.0)	(2000, 53.0)	(3000, 39.0)	(4000, 26.0)	(5000, 17.0)	(6000, 9.0)	(7000, 7.0)	(8000, 9.0)	(9000, 4.0)	(10000, 4.0)	(11000, 4.0)	(12000, 11.0)	(13000, 9.0)	(14000, 6.0)	(15000, 3.0)	(16000, 6.0)	(17000, 2.0)	(18000, 3.0)	(19000, 5.0)	(20000, 2.0)	(21000, 2.0)	(22000, 0.0)	(23000, 1.0)	(24000, 3.0)	(25000, 0.0)	(26000, 1.0)	(27000, 2.0)	(28000, 4.0)	(29000, 0.0)	(30000, 3.0)	(31000, 2.0)	(32000, 0.0)	(33000, 1.0)	(34000, 2.0)	(35000, 0.0)	(36000, 1.0)	(37000, 0.0)	(38000, 0.0)	(39000, 1.0)	(40000, 1.0)	(41000, 0.0)	(42000, 0.0)	(43000, 1.0)	(44000, 0.0)	(45000, 1.0)	(46000, 1.0)	(47000, 2.0)			
FAY99780_pass_barcode01_98e12ebb_5ad7f319_145	(0, 113.0)	(1000, 87.0)	(2000, 56.0)	(3000, 35.0)	(4000, 33.0)	(5000, 23.0)	(6000, 21.0)	(7000, 3.0)	(8000, 9.0)	(9000, 4.0)	(10000, 10.0)	(11000, 8.0)	(12000, 5.0)	(13000, 5.0)	(14000, 5.0)	(15000, 2.0)	(16000, 2.0)	(17000, 3.0)	(18000, 4.0)	(19000, 2.0)	(20000, 2.0)	(21000, 5.0)	(22000, 0.0)	(23000, 3.0)	(24000, 5.0)	(25000, 3.0)	(26000, 0.0)	(27000, 3.0)	(28000, 3.0)	(29000, 3.0)	(30000, 2.0)	(31000, 0.0)	(32000, 0.0)	(33000, 0.0)	(34000, 2.0)	(35000, 1.0)	(36000, 1.0)	(37000, 0.0)	(38000, 1.0)	(39000, 0.0)	(40000, 0.0)	(41000, 1.0)	(42000, 0.0)	(43000, 0.0)	(44000, 1.0)	(45000, 1.0)	(46000, 0.0)	(47000, 1.0)	(48000, 0.0)	(49000, 1.0)	
FAY99780_pass_barcode01_98e12ebb_5ad7f319_146	(0, 252.0)	(2000, 97.0)	(4000, 48.0)	(6000, 23.0)	(8000, 22.0)	(10000, 7.0)	(12000, 7.0)	(14000, 12.0)	(16000, 5.0)	(18000, 11.0)	(20000, 7.0)	(22000, 5.0)	(24000, 2.0)	(26000, 1.0)	(28000, 4.0)	(30000, 3.0)	(32000, 2.0)	(34000, 5.0)	(36000, 2.0)	(38000, 3.0)	(40000, 3.0)	(42000, 3.0)	(44000, 2.0)	(46000, 2.0)	(48000, 1.0)	(50000, 0.0)	(52000, 0.0)	(54000, 0.0)	(56000, 0.0)	(58000, 0.0)	(60000, 1.0)																				
FAY99780_pass_barcode01_98e12ebb_5ad7f319_147	(0, 121.0)	(1000, 132.0)	(2000, 51.0)	(3000, 32.0)	(4000, 33.0)	(5000, 21.0)	(6000, 16.0)	(7000, 7.0)	(8000, 11.0)	(9000, 4.0)	(10000, 7.0)	(11000, 9.0)	(12000, 7.0)	(13000, 7.0)	(14000, 3.0)	(15000, 6.0)	(16000, 3.0)	(17000, 1.0)	(18000, 4.0)	(19000, 3.0)	(20000, 2.0)	(21000, 5.0)	(22000, 0.0)	(23000, 5.0)	(24000, 1.0)	(25000, 3.0)	(26000, 0.0)	(27000, 0.0)	(28000, 0.0)	(29000, 0.0)	(30000, 2.0)	(31000, 1.0)	(32000, 2.0)	(33000, 2.0)	(34000, 2.0)	(35000, 0.0)	(36000, 2.0)	(37000, 2.0)	(38000, 0.0)	(39000, 0.0)	(40000, 1.0)	(41000, 2.0)	(42000, 1.0)								
FAY99780_pass_barcode01_98e12ebb_5ad7f319_148	(0, 220.0)	(2000, 85.0)	(4000, 44.0)	(6000, 17.0)	(8000, 14.0)	(10000, 12.0)	(12000, 5.0)	(14000, 7.0)	(16000, 4.0)	(18000, 11.0)	(20000, 4.0)	(22000, 3.0)	(24000, 4.0)	(26000, 5.0)	(28000, 2.0)	(30000, 1.0)	(32000, 1.0)	(34000, 1.0)	(36000, 2.0)	(38000, 0.0)	(40000, 1.0)	(42000, 0.0)	(44000, 1.0)	(46000, 1.0)	(48000, 0.0)	(50000, 1.0)	(52000, 1.0)																								
FAY99780_pass_barcode01_98e12ebb_5ad7f319_149	(0, 120.0)	(1000, 98.0)	(2000, 50.0)	(3000, 25.0)	(4000, 20.0)	(5000, 9.0)	(6000, 11.0)	(7000, 9.0)	(8000, 10.0)	(9000, 8.0)	(10000, 6.0)	(11000, 6.0)	(12000, 4.0)	(13000, 9.0)	(14000, 2.0)	(15000, 1.0)	(16000, 3.0)	(17000, 0.0)	(18000, 4.0)	(19000, 4.0)	(20000, 3.0)	(21000, 1.0)	(22000, 3.0)	(23000, 1.0)	(24000, 0.0)	(25000, 1.0)	(26000, 0.0)	(27000, 2.0)	(28000, 1.0)	(29000, 1.0)	(30000, 0.0)	(31000, 1.0)	(32000, 1.0)	(33000, 1.0)	(34000, 3.0)	(35000, 2.0)	(36000, 1.0)	(37000, 3.0)	(38000, 1.0)	(39000, 0.0)	(40000, 1.0)	(41000, 2.0)	(42000, 1.0)	(43000, 2.0)	(44000, 0.0)	(45000, 0.0)	(46000, 0.0)	(47000, 1.0)			
FAY99780_pass_barcode01_98e12ebb_5ad7f319_15	(0, 596.0)	(2000, 235.0)	(4000, 139.0)	(6000, 68.0)	(8000, 57.0)	(10000, 49.0)	(12000, 36.0)	(14000, 37.0)	(16000, 23.0)	(18000, 33.0)	(20000, 21.0)	(22000, 15.0)	(24000, 19.0)	(26000, 15.0)	(28000, 14.0)	(30000, 11.0)	(32000, 12.0)	(34000, 5.0)	(36000, 7.0)	(38000, 9.0)	(40000, 6.0)	(42000, 9.0)	(44000, 4.0)	(46000, 2.0)	(48000, 2.0)	(50000, 2.0)	(52000, 2.0)																								
FAY99780_pass_barcode01_98e12ebb_5ad7f319_150	(0, 198.0)	(2000, 70.0)	(4000, 39.0)	(6000, 18.0)	(8000, 9.0)	(10000, 7.0)	(12000, 10.0)	(14000, 7.0)	(16000, 9.0)	(18000, 5.0)	(20000, 4.0)	(22000, 4.0)	(24000, 2.0)	(26000, 5.0)	(28000, 8.0)	(30000, 3.0)	(32000, 4.0)	(34000, 2.0)	(36000, 3.0)	(38000, 0.0)	(40000, 4.0)	(42000, 1.0)	(44000, 1.0)	(46000, 2.0)	(48000, 0.0)	(50000, 1.0)																									
FAY99780_pass_barcode01_98e12ebb_5ad7f319_151	(0, 354.0)	(5000, 37.0)	(10000, 15.0)	(15000, 10.0)	(20000, 6.0)	(25000, 4.0)	(30000, 3.0)	(35000, 7.0)	(40000, 9.0)	(45000, 16.0)	(50000, 19.0)	(55000, 8.0)	(60000, 7.0)	(65000, 1.0)	(70000, 1.0)	(75000, 1.0)	(80000, 2.0)	(85000, 1.0)	(90000, 0.0)	(95000, 0.0)	(100000, 0.0)	(105000, 0.0)	(110000, 0.0)	(115000, 2.0)																											
FAY99780_pass_barcode01_98e12ebb_5ad7f319_152	(0, 198.0)	(100, 125.0)	(200, 72.0)	(300, 63.0)	(400, 31.0)	(500, 29.0)	(600, 13.0)	(700, 10.0)	(800, 9.0)	(900, 10.0)	(1000, 7.0)	(1100, 2.0)	(1200, 5.0)	(1300, 4.0)	(1400, 3.0)	(1500, 1.0)	(1600, 3.0)	(1700, 2.0)	(1800, 0.0)	(1900, 1.0)	(2000, 0.0)	(2100, 1.0)	(2200, 0.0)	(2300, 2.0)	(2400, 0.0)	(2500, 1.0)	(2600, 0.0)	(2700, 0.0)	(2800, 0.0)	(2900, 0.0)	(3000, 1.0)	(3100, 0.0)	(3200, 0.0)	(3300, 0.0)	(3400, 0.0)	(3500, 1.0)	(3600, 0.0)	(3700, 0.0)	(3800, 0.0)	(3900, 0.0)	(4000, 0.0)	(4100, 0.0)	(4200, 0.0)	(4300, 1.0)	(4400, 0.0)	(4500, 0.0)	(4600, 0.0)	(4700, 0.0)	(4800, 0.0)	(4900, 1.0)	
FAY99780_pass_barcode01_98e12ebb_5ad7f319_153	(0, 2.0)	(20, 9.0)	(40, 15.0)	(60, 6.0)	(80, 8.0)	(100, 2.0)	(120, 5.0)	(140, 2.0)	(160, 1.0)	(180, 2.0)	(200, 2.0)	(220, 0.0)	(240, 0.0)	(260, 1.0)	(280, 0.0)	(300, 0.0)	(320, 0.0)	(340, 0.0)	(360, 0.0)	(380, 0.0)	(400, 1.0)	(420, 0.0)	(440, 0.0)	(460, 0.0)	(480, 0.0)	(500, 0.0)	(520, 0.0)	(540, 0.0)	(560, 1.0)																						
FAY99780_pass_barcode01_98e12ebb_5ad7f319_154	(30, 1.0)	(32, 0.0)	(34, 0.0)	(36, 1.0)	(38, 0.0)	(40, 0.0)	(42, 0.0)	(44, 0.0)	(46, 0.0)	(48, 0.0)	(50, 0.0)	(52, 0.0)	(54, 0.0)	(56, 0.0)	(58, 0.0)	(60, 0.0)	(62, 0.0)	(64, 0.0)	(66, 0.0)	(68, 0.0)	(70, 0.0)	(72, 1.0)	(74, 0.0)	(76, 0.0)	(78, 0.0)	(80, 0.0)	(82, 0.0)	(84, 0.0)	(86, 0.0)	(88, 0.0)	(90, 0.0)	(92, 0.0)	(94, 0.0)	(96, 0.0)	(98, 0.0)	(100, 0.0)	(102, 0.0)	(104, 0.0)	(106, 0.0)	(108, 0.0)	(110, 0.0)	(112, 0.0)	(114, 0.0)	(116, 0.0)	(118, 1.0)						
FAY99780_pass_barcode01_98e12ebb_5ad7f319_16	(0, 549.0)	(2000, 207.0)	(4000, 129.0)	(6000, 76.0)	(8000, 53.0)	(10000, 49.0)	(12000, 37.0)	(14000, 26.0)	(16000, 25.0)	(18000, 24.0)	(20000, 18.0)	(22000, 19.0)	(24000, 16.0)	(26000, 15.0)	(28000, 21.0)	(30000, 19.0)	(32000, 14.0)	(34000, 13.0)	(36000, 11.0)	(38000, 9.0)	(40000, 6.0)	(42000, 7.0)	(44000, 9.0)	(46000, 3.0)	(48000, 6.0)	(50000, 6.0)	(52000, 8.0)	(54000, 3.0)	(56000, 2.0)	(58000, 5.0)	(60000, 6.0)	(62000, 1.0)	(64000, 0.0)	(66000, 1.0)	(68000, 0.0)	(70000, 1.0)	(72000, 2.0)	(74000, 0.0)	(76000, 0.0)	(78000, 1.0)	(80000, 1.0)	(82000, 1.0)									
FAY99780_pass_barcode01_98e12ebb_5ad7f319_17	(0, 318.0)	(1000, 259.0)	(2000, 136.0)	(3000, 97.0)	(4000, 56.0)	(5000, 42.0)	(6000, 36.0)	(7000, 24.0)	(8000, 32.0)	(9000, 33.0)	(10000, 18.0)	(11000, 20.0)	(12000, 19.0)	(13000, 20.0)	(14000, 16.0)	(15000, 18.0)	(16000, 20.0)	(17000, 6.0)	(18000, 16.0)	(19000, 14.0)	(20000, 14.0)	(21000, 8.0)	(22000, 11.0)	(23000, 10.0)	(24000, 7.0)	(25000, 8.0)	(26000, 9.0)	(27000, 5.0)	(28000, 6.0)	(29000, 8.0)	(30000, 10.0)	(31000, 7.0)	(32000, 8.0)	(33000, 5.0)	(34000, 7.0)	(35000, 4.0)	(36000, 6.0)	(37000, 7.0)	(38000, 6.0)	(39000, 8.0)	(40000, 2.0)	(41000, 3.0)	(42000, 3.0)	(43000, 2.0)	(44000, 0.0)	(45000, 4.0)	(46000, 3.0)	(47000, 0.0)	(48000, 1.0)		
FAY99780_pass_barcode01_98e12ebb_5ad7f319_18	(0, 791.0)	(5000, 172.0)	(10000, 85.0)	(15000, 61.0)	(20000, 44.0)	(25000, 48.0)	(30000, 32.0)	(35000, 23.0)	(40000, 20.0)	(45000, 20.0)	(50000, 12.0)	(55000, 6.0)	(60000, 4.0)	(65000, 5.0)	(70000, 2.0)	(75000, 0.0)	(80000, 0.0)	(85000, 0.0)	(90000, 1.0)	(95000, 1.0)	(100000, 0.0)	(105000, 0.0)	(110000, 0.0)	(115000, 1.0)	(120000, 0.0)	(125000, 1.0)																									
FAY99780_pass_barcode01_98e12ebb_5ad7f319_19	(0, 876.0)	(5000, 136.0)	(10000, 64.0)	(15000, 43.0)	(20000, 30.0)	(25000, 25.0)	(30000, 17.0)	(35000, 14.0)	(40000, 12.0)	(45000, 11.0)	(50000, 16.0)	(55000, 10.0)	(60000, 9.0)	(65000, 3.0)	(70000, 2.0)	(75000, 1.0)	(80000, 1.0)	(85000, 0.0)	(90000, 1.0)	(95000, 0.0)	(100000, 0.0)	(105000, 0.0)	(110000, 0.0)	(115000, 0.0)	(120000, 0.0)	(125000, 0.0)	(130000, 0.0)	(135000, 0.0)	(140000, 0.0)	(145000, 0.0)	(150000, 0.0)	(155000, 1.0)																			
FAY99780_pass_barcode01_98e12ebb_5ad7f319_2	(0, 694.0)	(2000, 217.0)	(4000, 110.0)	(6000, 55.0)	(8000, 44.0)	(10000, 24.0)	(12000, 20.0)	(14000, 20.0)	(16000, 17.0)	(18000, 20.0)	(20000, 23.0)	(22000, 17.0)	(24000, 10.0)	(26000, 14.0)	(28000, 14.0)	(30000, 11.0)	(32000, 13.0)	(34000, 9.0)	(36000, 8.0)	(38000, 3.0)	(40000, 5.0)	(42000, 1.0)	(44000, 2.0)	(46000, 6.0)	(48000, 1.0)	(50000, 1.0)	(52000, 0.0)	(54000, 0.0)	(56000, 1.0)																						
FAY99780_pass_barcode01_98e12ebb_5ad7f319_20	(0, 328.0)	(1000, 275.0)	(2000, 146.0)	(3000, 107.0)	(4000, 79.0)	(5000, 50.0)	(6000, 38.0)	(7000, 41.0)	(8000, 35.0)	(9000, 19.0)	(10000, 26.0)	(11000, 13.0)	(12000, 16.0)	(13000, 20.0)	(14000, 15.0)	(15000, 14.0)	(16000, 16.0)	(17000, 16.0)	(18000, 15.0)	(19000, 12.0)	(20000, 14.0)	(21000, 16.0)	(22000, 11.0)	(23000, 5.0)	(24000, 8.0)	(25000, 6.0)	(26000, 5.0)	(27000, 6.0)	(28000, 5.0)	(29000, 8.0)	(30000, 8.0)	(31000, 8.0)	(32000, 7.0)	(33000, 8.0)	(34000, 7.0)	(35000, 1.0)	(36000, 5.0)	(37000, 2.0)	(38000, 5.0)	(39000, 2.0)	(40000, 6.0)	(41000, 2.0)	(42000, 2.0)	(43000, 2.0)	(44000, 3.0)	(45000, 1.0)	(46000, 2.0)	(47000, 1.0)	(48000, 0.0)	(49000, 1.0)	
FAY99780_pass_barcode01_98e12ebb_5ad7f319_21	(0, 583.0)	(2000, 242.0)	(4000, 120.0)	(6000, 71.0)	(8000, 45.0)	(10000, 46.0)	(12000, 34.0)	(14000, 30.0)	(16000, 25.0)	(18000, 27.0)	(20000, 17.0)	(22000, 24.0)	(24000, 20.0)	(26000, 22.0)	(28000, 17.0)	(30000, 11.0)	(32000, 15.0)	(34000, 9.0)	(36000, 10.0)	(38000, 4.0)	(40000, 8.0)	(42000, 11.0)	(44000, 5.0)	(46000, 8.0)	(48000, 1.0)	(50000, 0.0)	(52000, 0.0)	(54000, 0.0)	(56000, 1.0)																						
FAY99780_pass_barcode01_98e12ebb_5ad7f319_22	(0, 602.0)	(2000, 268.0)	(4000, 118.0)	(6000, 78.0)	(8000, 56.0)	(10000, 40.0)	(12000, 35.0)	(14000, 32.0)	(16000, 24.0)	(18000, 31.0)	(20000, 24.0)	(22000, 22.0)	(24000, 14.0)	(26000, 20.0)	(28000, 18.0)	(30000, 11.0)	(32000, 19.0)	(34000, 9.0)	(36000, 9.0)	(38000, 8.0)	(40000, 4.0)	(42000, 4.0)	(44000, 4.0)	(46000, 4.0)	(48000, 3.0)	(50000, 1.0)	(52000, 1.0)																								
FAY99780_pass_barcode01_98e12ebb_5ad7f319_23	(0, 555.0)	(2000, 238.0)	(4000, 128.0)	(6000, 63.0)	(8000, 59.0)	(10000, 45.0)	(12000, 27.0)	(14000, 24.0)	(16000, 24.0)	(18000, 33.0)	(20000, 21.0)	(22000, 14.0)	(24000, 11.0)	(26000, 14.0)	(28000, 17.0)	(30000, 8.0)	(32000, 6.0)	(34000, 9.0)	(36000, 6.0)	(38000, 12.0)	(40000, 12.0)	(42000, 10.0)	(44000, 8.0)	(46000, 13.0)	(48000, 13.0)	(50000, 11.0)	(52000, 7.0)	(54000, 9.0)	(56000, 11.0)	(58000, 8.0)	(60000, 5.0)	(62000, 2.0)	(64000, 2.0)	(66000, 3.0)	(68000, 2.0)	(70000, 0.0)	(72000, 1.0)	(74000, 2.0)	(76000, 1.0)	(78000, 0.0)	(80000, 1.0)	(82000, 1.0)									
FAY99780_pass_barcode01_98e12ebb_5ad7f319_24	(0, 852.0)	(5000, 175.0)	(10000, 93.0)	(15000, 70.0)	(20000, 44.0)	(25000, 33.0)	(30000, 26.0)	(35000, 16.0)	(40000, 17.0)	(45000, 16.0)	(50000, 6.0)	(55000, 4.0)	(60000, 1.0)	(65000, 1.0)	(70000, 0.0)	(75000, 1.0)	(80000, 0.0)	(85000, 0.0)	(90000, 0.0)	(95000, 0.0)	(100000, 0.0)	(105000, 0.0)	(110000, 0.0)	(115000, 0.0)	(120000, 1.0)																										
FAY99780_pass_barcode01_98e12ebb_5ad7f319_25	(0, 837.0)	(5000, 199.0)	(10000, 85.0)	(15000, 64.0)	(20000, 62.0)	(25000, 35.0)	(30000, 34.0)	(35000, 18.0)	(40000, 12.0)	(45000, 12.0)	(50000, 6.0)	(55000, 5.0)	(60000, 2.0)	(65000, 1.0)	(70000, 0.0)	(75000, 0.0)	(80000, 2.0)	(85000, 0.0)	(90000, 0.0)	(95000, 0.0)	(100000, 1.0)																														
FAY99780_pass_barcode01_98e12ebb_5ad7f319_26	(0, 304.0)	(1000, 259.0)	(2000, 127.0)	(3000, 80.0)	(4000, 61.0)	(5000, 43.0)	(6000, 45.0)	(7000, 44.0)	(8000, 38.0)	(9000, 19.0)	(10000, 21.0)	(11000, 17.0)	(12000, 14.0)	(13000, 14.0)	(14000, 12.0)	(15000, 19.0)	(16000, 17.0)	(17000, 14.0)	(18000, 19.0)	(19000, 12.0)	(20000, 8.0)	(21000, 14.0)	(22000, 12.0)	(23000, 8.0)	(24000, 6.0)	(25000, 6.0)	(26000, 7.0)	(27000, 3.0)	(28000, 4.0)	(29000, 6.0)	(30000, 4.0)	(31000, 6.0)	(32000, 5.0)	(33000, 5.0)	(34000, 5.0)	(35000, 4.0)	(36000, 7.0)	(37000, 2.0)	(38000, 6.0)	(39000, 5.0)	(40000, 1.0)	(41000, 4.0)	(42000, 1.0)	(43000, 2.0)	(44000, 2.0)	(45000, 2.0)	(46000, 4.0)	(47000, 4.0)	(48000, 0.0)	(49000, 0.0)	(50000, 1.0)
FAY99780_pass_barcode01_98e12ebb_5ad7f319_27	(0, 575.0)	(2000, 252.0)	(4000, 110.0)	(6000, 80.0)	(8000, 50.0)	(10000, 38.0)	(12000, 38.0)	(14000, 34.0)	(16000, 27.0)	(18000, 19.0)	(20000, 10.0)	(22000, 16.0)	(24000, 9.0)	(26000, 9.0)	(28000, 14.0)	(30000, 13.0)	(32000, 11.0)	(34000, 10.0)	(36000, 7.0)	(38000, 5.0)	(40000, 6.0)	(42000, 9.0)	(44000, 8.0)	(46000, 6.0)	(48000, 6.0)	(50000, 6.0)	(52000, 2.0)	(54000, 9.0)	(56000, 4.0)	(58000, 5.0)	(60000, 2.0)	(62000, 1.0)	(64000, 1.0)	(66000, 1.0)	(68000, 0.0)	(70000, 0.0)	(72000, 1.0)	(74000, 0.0)	(76000, 2.0)	(78000, 0.0)	(80000, 1.0)										
FAY99780_pass_barcode01_98e12ebb_5ad7f319_28	(0, 410.0)	(2000, 185.0)	(4000, 95.0)	(6000, 38.0)	(8000, 32.0)	(10000, 16.0)	(12000, 11.0)	(14000, 14.0)	(16000, 12.0)	(18000, 12.0)	(20000, 14.0)	(22000, 5.0)	(24000, 11.0)	(26000, 9.0)	(28000, 9.0)	(30000, 8.0)	(32000, 8.0)	(34000, 2.0)	(36000, 3.0)	(38000, 1.0)	(40000, 2.0)	(42000, 1.0)	(44000, 1.0)	(46000, 0.0)	(48000, 2.0)	(50000, 0.0)	(52000, 0.0)	(54000, 2.0)																							
FAY99780_pass_barcode01_98e12ebb_5ad7f319_29	(0, 809.0)	(5000, 178.0)	(10000, 69.0)	(15000, 76.0)	(20000, 40.0)	(25000, 27.0)	(30000, 29.0)	(35000, 26.0)	(40000, 19.0)	(45000, 17.0)	(50000, 15.0)	(55000, 12.0)	(60000, 3.0)	(65000, 8.0)	(70000, 1.0)	(75000, 1.0)	(80000, 0.0)	(85000, 0.0)	(90000, 0.0)	(95000, 1.0)	(100000, 0.0)	(105000, 0.0)	(110000, 1.0)	(115000, 0.0)	(120000, 1.0)																										
FAY99780_pass_barcode01_98e12ebb_5ad7f319_3	(0, 731.0)	(2000, 267.0)	(4000, 96.0)	(6000, 66.0)	(8000, 57.0)	(10000, 38.0)	(12000, 27.0)	(14000, 35.0)	(16000, 17.0)	(18000, 23.0)	(20000, 10.0)	(22000, 21.0)	(24000, 13.0)	(26000, 16.0)	(28000, 16.0)	(30000, 10.0)	(32000, 16.0)	(34000, 7.0)	(36000, 2.0)	(38000, 5.0)	(40000, 2.0)	(42000, 5.0)	(44000, 5.0)	(46000, 3.0)	(48000, 2.0)	(50000, 3.0)	(52000, 1.0)																								
FAY99780_pass_barcode01_98e12ebb_5ad7f319_30	(0, 537.0)	(2000, 253.0)	(4000, 111.0)	(6000, 78.0)	(8000, 43.0)	(10000, 37.0)	(12000, 46.0)	(14000, 40.0)	(16000, 25.0)	(18000, 26.0)	(20000, 18.0)	(22000, 20.0)	(24000, 17.0)	(26000, 20.0)	(28000, 9.0)	(30000, 9.0)	(32000, 12.0)	(34000, 17.0)	(36000, 7.0)	(38000, 6.0)	(40000, 4.0)	(42000, 9.0)	(44000, 2.0)	(46000, 2.0)	(48000, 2.0)	(50000, 1.0)	(52000, 1.0)																								
FAY99780_pass_barcode01_98e12ebb_5ad7f319_31	(0, 515.0)	(2000, 241.0)	(4000, 118.0)	(6000, 64.0)	(8000, 49.0)	(10000, 47.0)	(12000, 42.0)	(14000, 25.0)	(16000, 21.0)	(18000, 20.0)	(20000, 22.0)	(22000, 15.0)	(24000, 11.0)	(26000, 15.0)	(28000, 18.0)	(30000, 12.0)	(32000, 11.0)	(34000, 8.0)	(36000, 11.0)	(38000, 10.0)	(40000, 8.0)	(42000, 3.0)	(44000, 9.0)	(46000, 5.0)	(48000, 7.0)	(50000, 9.0)	(52000, 8.0)	(54000, 5.0)	(56000, 3.0)	(58000, 3.0)	(60000, 5.0)	(62000, 4.0)	(64000, 0.0)	(66000, 0.0)	(68000, 1.0)	(70000, 0.0)	(72000, 1.0)														
FAY99780_pass_barcode01_98e12ebb_5ad7f319_32	(0, 497.0)	(2000, 205.0)	(4000, 103.0)	(6000, 62.0)	(8000, 52.0)	(10000, 31.0)	(12000, 35.0)	(14000, 20.0)	(16000, 23.0)	(18000, 14.0)	(20000, 22.0)	(22000, 11.0)	(24000, 15.0)	(26000, 16.0)	(28000, 11.0)	(30000, 10.0)	(32000, 7.0)	(34000, 6.0)	(36000, 3.0)	(38000, 7.0)	(40000, 12.0)	(42000, 5.0)	(44000, 5.0)	(46000, 3.0)	(48000, 0.0)	(50000, 1.0)	(52000, 1.0)																								
FAY99780_pass_barcode01_98e12ebb_5ad7f319_33	(0, 453.0)	(2000, 227.0)	(4000, 93.0)	(6000, 81.0)	(8000, 57.0)	(10000, 22.0)	(12000, 41.0)	(14000, 30.0)	(16000, 17.0)	(18000, 16.0)	(20000, 16.0)	(22000, 20.0)	(24000, 19.0)	(26000, 15.0)	(28000, 16.0)	(30000, 8.0)	(32000, 7.0)	(34000, 8.0)	(36000, 4.0)	(38000, 8.0)	(40000, 6.0)	(42000, 4.0)	(44000, 2.0)	(46000, 0.0)	(48000, 2.0)	(50000, 0.0)	(52000, 1.0)	(54000, 0.0)	(56000, 0.0)	(58000, 1.0)																					
FAY99780_pass_barcode01_98e12ebb_5ad7f319_34	(0, 497.0)	(2000, 191.0)	(4000, 106.0)	(6000, 67.0)	(8000, 48.0)	(10000, 31.0)	(12000, 28.0)	(14000, 32.0)	(16000, 26.0)	(18000, 19.0)	(20000, 16.0)	(22000, 14.0)	(24000, 13.0)	(26000, 11.0)	(28000, 23.0)	(30000, 20.0)	(32000, 5.0)	(34000, 11.0)	(36000, 4.0)	(38000, 8.0)	(40000, 5.0)	(42000, 5.0)	(44000, 5.0)	(46000, 1.0)	(48000, 1.0)	(50000, 0.0)	(52000, 1.0)																								
FAY99780_pass_barcode01_98e12ebb_5ad7f319_35	(0, 443.0)	(2000, 203.0)	(4000, 95.0)	(6000, 67.0)	(8000, 38.0)	(10000, 29.0)	(12000, 26.0)	(14000, 27.0)	(16000, 14.0)	(18000, 20.0)	(20000, 21.0)	(22000, 11.0)	(24000, 13.0)	(26000, 16.0)	(28000, 10.0)	(30000, 7.0)	(32000, 16.0)	(34000, 9.0)	(36000, 6.0)	(38000, 8.0)	(40000, 4.0)	(42000, 3.0)	(44000, 1.0)	(46000, 3.0)	(48000, 1.0)	(50000, 2.0)																									
FAY99780_pass_barcode01_98e12ebb_5ad7f319_36	(0, 466.0)	(2000, 163.0)	(4000, 91.0)	(6000, 59.0)	(8000, 42.0)	(10000, 30.0)	(12000, 32.0)	(14000, 28.0)	(16000, 19.0)	(18000, 24.0)	(20000, 22.0)	(22000, 10.0)	(24000, 10.0)	(26000, 11.0)	(28000, 10.0)	(30000, 12.0)	(32000, 12.0)	(34000, 10.0)	(36000, 6.0)	(38000, 9.0)	(40000, 8.0)	(42000, 6.0)	(44000, 3.0)	(46000, 6.0)	(48000, 2.0)	(50000, 9.0)	(52000, 1.0)	(54000, 2.0)	(56000, 4.0)	(58000, 0.0)	(60000, 1.0)	(62000, 2.0)	(64000, 2.0)	(66000, 0.0)	(68000, 0.0)	(70000, 0.0)	(72000, 2.0)	(74000, 0.0)	(76000, 0.0)	(78000, 1.0)	(80000, 1.0)	(82000, 0.0)	(84000, 1.0)	(86000, 0.0)	(88000, 0.0)	(90000, 1.0)	(92000, 1.0)				
FAY99780_pass_barcode01_98e12ebb_5ad7f319_37	(0, 375.0)	(2000, 163.0)	(4000, 98.0)	(6000, 56.0)	(8000, 35.0)	(10000, 24.0)	(12000, 25.0)	(14000, 15.0)	(16000, 16.0)	(18000, 15.0)	(20000, 10.0)	(22000, 10.0)	(24000, 9.0)	(26000, 15.0)	(28000, 5.0)	(30000, 15.0)	(32000, 9.0)	(34000, 8.0)	(36000, 12.0)	(38000, 6.0)	(40000, 5.0)	(42000, 3.0)	(44000, 6.0)	(46000, 3.0)	(48000, 1.0)	(50000, 0.0)	(52000, 0.0)	(54000, 0.0)	(56000, 0.0)	(58000, 0.0)	(60000, 2.0)	(62000, 0.0)	(64000, 2.0)	(66000, 0.0)	(68000, 1.0)																
FAY99780_pass_barcode01_98e12ebb_5ad7f319_38	(0, 694.0)	(5000, 118.0)	(10000, 60.0)	(15000, 46.0)	(20000, 22.0)	(25000, 24.0)	(30000, 14.0)	(35000, 10.0)	(40000, 10.0)	(45000, 9.0)	(50000, 10.0)	(55000, 5.0)	(60000, 4.0)	(65000, 3.0)	(70000, 0.0)	(75000, 1.0)	(80000, 0.0)	(85000, 0.0)	(90000, 0.0)	(95000, 1.0)	(100000, 0.0)	(105000, 1.0)																													
FAY99780_pass_barcode01_98e12ebb_5ad7f319_39	(0, 452.0)	(2000, 184.0)	(4000, 66.0)	(6000, 68.0)	(8000, 53.0)	(10000, 38.0)	(12000, 29.0)	(14000, 25.0)	(16000, 20.0)	(18000, 26.0)	(20000, 16.0)	(22000, 12.0)	(24000, 14.0)	(26000, 18.0)	(28000, 19.0)	(30000, 7.0)	(32000, 14.0)	(34000, 4.0)	(36000, 8.0)	(38000, 11.0)	(40000, 2.0)	(42000, 5.0)	(44000, 10.0)	(46000, 10.0)	(48000, 6.0)	(50000, 12.0)	(52000, 7.0)	(54000, 8.0)	(56000, 0.0)	(58000, 1.0)	(60000, 3.0)	(62000, 0.0)	(64000, 0.0)	(66000, 2.0)	(68000, 1.0)	(70000, 0.0)	(72000, 1.0)	(74000, 0.0)	(76000, 0.0)	(78000, 0.0)	(80000, 0.0)	(82000, 1.0)	(84000, 0.0)	(86000, 1.0)	(88000, 0.0)	(90000, 0.0)	(92000, 0.0)	(94000, 0.0)	(96000, 0.0)	(98000, 0.0)	(100000, 1.0)
FAY99780_pass_barcode01_98e12ebb_5ad7f319_4	(0, 424.0)	(1000, 301.0)	(2000, 156.0)	(3000, 104.0)	(4000, 60.0)	(5000, 47.0)	(6000, 38.0)	(7000, 24.0)	(8000, 24.0)	(9000, 20.0)	(10000, 16.0)	(11000, 19.0)	(12000, 26.0)	(13000, 18.0)	(14000, 11.0)	(15000, 14.0)	(16000, 16.0)	(17000, 18.0)	(18000, 6.0)	(19000, 8.0)	(20000, 6.0)	(21000, 11.0)	(22000, 9.0)	(23000, 18.0)	(24000, 10.0)	(25000, 3.0)	(26000, 7.0)	(27000, 5.0)	(28000, 6.0)	(29000, 7.0)	(30000, 7.0)	(31000, 10.0)	(32000, 8.0)	(33000, 5.0)	(34000, 7.0)	(35000, 3.0)	(36000, 4.0)	(37000, 4.0)	(38000, 7.0)	(39000, 4.0)	(40000, 1.0)	(41000, 5.0)	(42000, 2.0)	(43000, 3.0)	(44000, 4.0)	(45000, 2.0)	(46000, 1.0)	(47000, 0.0)	(48000, 1.0)	(49000, 2.0)	
FAY99780_pass_barcode01_98e12ebb_5ad7f319_40	(0, 489.0)	(2000, 226.0)	(4000, 134.0)	(6000, 74.0)	(8000, 45.0)	(10000, 33.0)	(12000, 45.0)	(14000, 24.0)	(16000, 20.0)	(18000, 22.0)	(20000, 14.0)	(22000, 17.0)	(24000, 10.0)	(26000, 14.0)	(28000, 15.0)	(30000, 14.0)	(32000, 11.0)	(34000, 8.0)	(36000, 11.0)	(38000, 6.0)	(40000, 4.0)	(42000, 7.0)	(44000, 6.0)	(46000, 3.0)	(48000, 1.0)	(50000, 3.0)																									
FAY99780_pass_barcode01_98e12ebb_5ad7f319_41	(0, 478.0)	(2000, 181.0)	(4000, 109.0)	(6000, 61.0)	(8000, 39.0)	(10000, 31.0)	(12000, 24.0)	(14000, 20.0)	(16000, 18.0)	(18000, 15.0)	(20000, 11.0)	(22000, 19.0)	(24000, 14.0)	(26000, 8.0)	(28000, 7.0)	(30000, 7.0)	(32000, 8.0)	(34000, 2.0)	(36000, 4.0)	(38000, 12.0)	(40000, 5.0)	(42000, 3.0)	(44000, 2.0)	(46000, 2.0)	(48000, 2.0)	(50000, 1.0)	(52000, 0.0)	(54000, 0.0)	(56000, 1.0)																						
FAY99780_pass_barcode01_98e12ebb_5ad7f319_42	(0, 460.0)	(2000, 187.0)	(4000, 80.0)	(6000, 86.0)	(8000, 34.0)	(10000, 31.0)	(12000, 26.0)	(14000, 33.0)	(16000, 21.0)	(18000, 23.0)	(20000, 15.0)	(22000, 13.0)	(24000, 13.0)	(26000, 16.0)	(28000, 6.0)	(30000, 15.0)	(32000, 14.0)	(34000, 5.0)	(36000, 13.0)	(38000, 12.0)	(40000, 8.0)	(42000, 3.0)	(44000, 5.0)	(46000, 11.0)	(48000, 6.0)	(50000, 5.0)	(52000, 7.0)	(54000, 7.0)	(56000, 5.0)	(58000, 3.0)	(60000, 2.0)	(62000, 0.0)	(64000, 3.0)	(66000, 2.0)	(68000, 2.0)																
FAY99780_pass_barcode01_98e12ebb_5ad7f319_43	(0, 413.0)	(2000, 190.0)	(4000, 76.0)	(6000, 54.0)	(8000, 40.0)	(10000, 25.0)	(12000, 21.0)	(14000, 26.0)	(16000, 13.0)	(18000, 17.0)	(20000, 11.0)	(22000, 15.0)	(24000, 7.0)	(26000, 20.0)	(28000, 10.0)	(30000, 11.0)	(32000, 7.0)	(34000, 3.0)	(36000, 13.0)	(38000, 5.0)	(40000, 1.0)	(42000, 6.0)	(44000, 9.0)	(46000, 8.0)	(48000, 4.0)	(50000, 7.0)	(52000, 5.0)	(54000, 8.0)	(56000, 4.0)	(58000, 5.0)	(60000, 1.0)	(62000, 2.0)	(64000, 1.0)	(66000, 1.0)	(68000, 1.0)	(70000, 2.0)	(72000, 1.0)	(74000, 0.0)	(76000, 0.0)	(78000, 0.0)	(80000, 0.0)	(82000, 0.0)	(84000, 0.0)	(86000, 0.0)	(88000, 0.0)	(90000, 1.0)					
FAY99780_pass_barcode01_98e12ebb_5ad7f319_44	(0, 242.0)	(1000, 200.0)	(2000, 107.0)	(3000, 84.0)	(4000, 51.0)	(5000, 52.0)	(6000, 38.0)	(7000, 41.0)	(8000, 23.0)	(9000, 15.0)	(10000, 27.0)	(11000, 16.0)	(12000, 13.0)	(13000, 15.0)	(14000, 15.0)	(15000, 10.0)	(16000, 7.0)	(17000, 13.0)	(18000, 4.0)	(19000, 10.0)	(20000, 13.0)	(21000, 8.0)	(22000, 9.0)	(23000, 5.0)	(24000, 4.0)	(25000, 8.0)	(26000, 8.0)	(27000, 8.0)	(28000, 2.0)	(29000, 9.0)	(30000, 12.0)	(31000, 6.0)	(32000, 4.0)	(33000, 6.0)	(34000, 3.0)	(35000, 4.0)	(36000, 4.0)	(37000, 7.0)	(38000, 4.0)	(39000, 1.0)	(40000, 3.0)	(41000, 4.0)	(42000, 1.0)	(43000, 1.0)	(44000, 2.0)	(45000, 1.0)	(46000, 0.0)	(47000, 2.0)	(48000, 1.0)	(49000, 0.0)	(50000, 1.0)
FAY99780_pass_barcode01_98e12ebb_5ad7f319_45	(0, 244.0)	(1000, 217.0)	(2000, 116.0)	(3000, 61.0)	(4000, 59.0)	(5000, 43.0)	(6000, 35.0)	(7000, 28.0)	(8000, 23.0)	(9000, 15.0)	(10000, 18.0)	(11000, 20.0)	(12000, 8.0)	(13000, 10.0)	(14000, 6.0)	(15000, 8.0)	(16000, 8.0)	(17000, 13.0)	(18000, 11.0)	(19000, 7.0)	(20000, 9.0)	(21000, 10.0)	(22000, 7.0)	(23000, 9.0)	(24000, 8.0)	(25000, 6.0)	(26000, 10.0)	(27000, 7.0)	(28000, 4.0)	(29000, 3.0)	(30000, 10.0)	(31000, 5.0)	(32000, 2.0)	(33000, 2.0)	(34000, 2.0)	(35000, 2.0)	(36000, 3.0)	(37000, 2.0)	(38000, 2.0)	(39000, 5.0)	(40000, 4.0)	(41000, 2.0)	(42000, 2.0)	(43000, 1.0)	(44000, 1.0)	(45000, 0.0)	(46000, 1.0)	(47000, 1.0)			
FAY99780_pass_barcode01_98e12ebb_5ad7f319_46	(0, 238.0)	(1000, 186.0)	(2000, 105.0)	(3000, 90.0)	(4000, 46.0)	(5000, 49.0)	(6000, 29.0)	(7000, 26.0)	(8000, 19.0)	(9000, 25.0)	(10000, 25.0)	(11000, 22.0)	(12000, 16.0)	(13000, 15.0)	(14000, 11.0)	(15000, 8.0)	(16000, 7.0)	(17000, 11.0)	(18000, 10.0)	(19000, 15.0)	(20000, 8.0)	(21000, 10.0)	(22000, 9.0)	(23000, 6.0)	(24000, 7.0)	(25000, 5.0)	(26000, 5.0)	(27000, 2.0)	(28000, 3.0)	(29000, 6.0)	(30000, 5.0)	(31000, 8.0)	(32000, 5.0)	(33000, 5.0)	(34000, 4.0)	(35000, 7.0)	(36000, 5.0)	(37000, 2.0)	(38000, 4.0)	(39000, 2.0)	(40000, 2.0)	(41000, 3.0)	(42000, 2.0)	(43000, 2.0)	(44000, 1.0)	(45000, 2.0)	(46000, 0.0)	(47000, 1.0)			
FAY99780_pass_barcode01_98e12ebb_5ad7f319_47	(0, 549.0)	(5000, 80.0)	(10000, 44.0)	(15000, 28.0)	(20000, 16.0)	(25000, 19.0)	(30000, 13.0)	(35000, 7.0)	(40000, 7.0)	(45000, 14.0)	(50000, 15.0)	(55000, 6.0)	(60000, 7.0)	(65000, 1.0)	(70000, 1.0)	(75000, 1.0)	(80000, 0.0)	(85000, 1.0)	(90000, 1.0)	(95000, 0.0)	(100000, 0.0)	(105000, 0.0)	(110000, 0.0)	(115000, 0.0)	(120000, 0.0)	(125000, 1.0)																									
FAY99780_pass_barcode01_98e12ebb_5ad7f319_48	(0, 258.0)	(1000, 184.0)	(2000, 128.0)	(3000, 89.0)	(4000, 70.0)	(5000, 43.0)	(6000, 38.0)	(7000, 29.0)	(8000, 27.0)	(9000, 19.0)	(10000, 19.0)	(11000, 17.0)	(12000, 15.0)	(13000, 20.0)	(14000, 9.0)	(15000, 11.0)	(16000, 7.0)	(17000, 12.0)	(18000, 11.0)	(19000, 12.0)	(20000, 10.0)	(21000, 10.0)	(22000, 11.0)	(23000, 5.0)	(24000, 6.0)	(25000, 9.0)	(26000, 5.0)	(27000, 9.0)	(28000, 8.0)	(29000, 9.0)	(30000, 4.0)	(31000, 4.0)	(32000, 3.0)	(33000, 5.0)	(34000, 2.0)	(35000, 3.0)	(36000, 2.0)	(37000, 5.0)	(38000, 4.0)	(39000, 2.0)	(40000, 4.0)	(41000, 3.0)	(42000, 2.0)	(43000, 3.0)	(44000, 2.0)	(45000, 4.0)	(46000, 2.0)	(47000, 1.0)	(48000, 1.0)	(49000, 0.0)	(50000, 1.0)
FAY99780_pass_barcode01_98e12ebb_5ad7f319_49	(0, 715.0)	(5000, 173.0)	(10000, 74.0)	(15000, 60.0)	(20000, 34.0)	(25000, 19.0)	(30000, 23.0)	(35000, 16.0)	(40000, 17.0)	(45000, 23.0)	(50000, 17.0)	(55000, 4.0)	(60000, 5.0)	(65000, 1.0)	(70000, 2.0)	(75000, 2.0)	(80000, 0.0)	(85000, 0.0)	(90000, 0.0)	(95000, 0.0)	(100000, 0.0)	(105000, 0.0)	(110000, 1.0)																												
FAY99780_pass_barcode01_98e12ebb_5ad7f319_5	(0, 933.0)	(5000, 151.0)	(10000, 76.0)	(15000, 49.0)	(20000, 50.0)	(25000, 36.0)	(30000, 35.0)	(35000, 19.0)	(40000, 16.0)	(45000, 21.0)	(50000, 8.0)	(55000, 4.0)	(60000, 7.0)	(65000, 3.0)	(70000, 1.0)	(75000, 2.0)	(80000, 1.0)	(85000, 0.0)	(90000, 0.0)	(95000, 0.0)	(100000, 0.0)	(105000, 0.0)	(110000, 0.0)	(115000, 1.0)																											
FAY99780_pass_barcode01_98e12ebb_5ad7f319_50	(0, 228.0)	(1000, 211.0)	(2000, 122.0)	(3000, 76.0)	(4000, 57.0)	(5000, 37.0)	(6000, 28.0)	(7000, 24.0)	(8000, 19.0)	(9000, 16.0)	(10000, 15.0)	(11000, 23.0)	(12000, 12.0)	(13000, 15.0)	(14000, 18.0)	(15000, 10.0)	(16000, 12.0)	(17000, 6.0)	(18000, 9.0)	(19000, 7.0)	(20000, 7.0)	(21000, 12.0)	(22000, 5.0)	(23000, 6.0)	(24000, 4.0)	(25000, 6.0)	(26000, 4.0)	(27000, 5.0)	(28000, 5.0)	(29000, 9.0)	(30000, 5.0)	(31000, 10.0)	(32000, 4.0)	(33000, 0.0)	(34000, 4.0)	(35000, 3.0)	(36000, 1.0)	(37000, 2.0)	(38000, 2.0)	(39000, 6.0)	(40000, 1.0)	(41000, 1.0)	(42000, 1.0)	(43000, 0.0)	(44000, 0.0)	(45000, 2.0)	(46000, 0.0)	(47000, 1.0)	(48000, 1.0)	(49000, 4.0)	
FAY99780_pass_barcode01_98e12ebb_5ad7f319_51	(0, 402.0)	(2000, 185.0)	(4000, 97.0)	(6000, 66.0)	(8000, 50.0)	(10000, 32.0)	(12000, 35.0)	(14000, 29.0)	(16000, 19.0)	(18000, 9.0)	(20000, 11.0)	(22000, 8.0)	(24000, 8.0)	(26000, 15.0)	(28000, 6.0)	(30000, 6.0)	(32000, 6.0)	(34000, 11.0)	(36000, 5.0)	(38000, 3.0)	(40000, 5.0)	(42000, 6.0)	(44000, 1.0)	(46000, 3.0)	(48000, 1.0)	(50000, 1.0)	(52000, 0.0)	(54000, 2.0)																							
FAY99780_pass_barcode01_98e12ebb_5ad7f319_52	(0, 463.0)	(2000, 227.0)	(4000, 82.0)	(6000, 57.0)	(8000, 39.0)	(10000, 38.0)	(12000, 22.0)	(14000, 16.0)	(16000, 24.0)	(18000, 8.0)	(20000, 12.0)	(22000, 14.0)	(24000, 11.0)	(26000, 8.0)	(28000, 10.0)	(30000, 9.0)	(32000, 6.0)	(34000, 7.0)	(36000, 11.0)	(38000, 3.0)	(40000, 11.0)	(42000, 6.0)	(44000, 6.0)	(46000, 5.0)	(48000, 3.0)	(50000, 6.0)	(52000, 9.0)	(54000, 5.0)	(56000, 4.0)	(58000, 1.0)	(60000, 7.0)	(62000, 0.0)	(64000, 0.0)	(66000, 0.0)	(68000, 0.0)	(70000, 2.0)	(72000, 0.0)	(74000, 0.0)	(76000, 0.0)	(78000, 0.0)	(80000, 0.0)	(82000, 0.0)	(84000, 0.0)	(86000, 0.0)	(88000, 0.0)	(90000, 0.0)	(92000, 0.0)	(94000, 0.0)	(96000, 0.0)	(98000, 0.0)	(100000, 1.0)
FAY99780_pass_barcode01_98e12ebb_5ad7f319_53	(0, 464.0)	(2000, 209.0)	(4000, 104.0)	(6000, 61.0)	(8000, 65.0)	(10000, 34.0)	(12000, 20.0)	(14000, 22.0)	(16000, 23.0)	(18000, 11.0)	(20000, 14.0)	(22000, 15.0)	(24000, 16.0)	(26000, 10.0)	(28000, 7.0)	(30000, 7.0)	(32000, 11.0)	(34000, 7.0)	(36000, 7.0)	(38000, 4.0)	(40000, 3.0)	(42000, 0.0)	(44000, 5.0)	(46000, 0.0)	(48000, 3.0)	(50000, 0.0)	(52000, 0.0)	(54000, 0.0)	(56000, 0.0)	(58000, 0.0)	(60000, 1.0)																				
FAY99780_pass_barcode01_98e12ebb_5ad7f319_54	(0, 224.0)	(1000, 198.0)	(2000, 126.0)	(3000, 71.0)	(4000, 54.0)	(5000, 42.0)	(6000, 27.0)	(7000, 23.0)	(8000, 24.0)	(9000, 18.0)	(10000, 18.0)	(11000, 14.0)	(12000, 15.0)	(13000, 12.0)	(14000, 6.0)	(15000, 6.0)	(16000, 17.0)	(17000, 9.0)	(18000, 7.0)	(19000, 9.0)	(20000, 4.0)	(21000, 4.0)	(22000, 7.0)	(23000, 6.0)	(24000, 11.0)	(25000, 3.0)	(26000, 4.0)	(27000, 2.0)	(28000, 6.0)	(29000, 4.0)	(30000, 4.0)	(31000, 3.0)	(32000, 4.0)	(33000, 4.0)	(34000, 5.0)	(35000, 4.0)	(36000, 3.0)	(37000, 2.0)	(38000, 3.0)	(39000, 2.0)	(40000, 0.0)	(41000, 2.0)	(42000, 1.0)	(43000, 3.0)	(44000, 4.0)	(45000, 0.0)	(46000, 3.0)	(47000, 2.0)	(48000, 1.0)	(49000, 1.0)	
FAY99780_pass_barcode01_98e12ebb_5ad7f319_55	(0, 388.0)	(2000, 183.0)	(4000, 97.0)	(6000, 51.0)	(8000, 37.0)	(10000, 29.0)	(12000, 16.0)	(14000, 30.0)	(16000, 25.0)	(18000, 13.0)	(20000, 16.0)	(22000, 12.0)	(24000, 11.0)	(26000, 9.0)	(28000, 5.0)	(30000, 8.0)	(32000, 4.0)	(34000, 8.0)	(36000, 4.0)	(38000, 6.0)	(40000, 1.0)	(42000, 6.0)	(44000, 3.0)	(46000, 5.0)	(48000, 1.0)	(50000, 2.0)	(52000, 6.0)	(54000, 2.0)	(56000, 1.0)	(58000, 4.0)	(60000, 1.0)	(62000, 0.0)	(64000, 1.0)	(66000, 1.0)	(68000, 0.0)	(70000, 1.0)	(72000, 0.0)	(74000, 1.0)	(76000, 0.0)	(78000, 0.0)	(80000, 0.0)	(82000, 0.0)	(84000, 0.0)	(86000, 1.0)	(88000, 1.0)						
FAY99780_pass_barcode01_98e12ebb_5ad7f319_56	(0, 342.0)	(2000, 139.0)	(4000, 68.0)	(6000, 40.0)	(8000, 29.0)	(10000, 27.0)	(12000, 18.0)	(14000, 17.0)	(16000, 16.0)	(18000, 13.0)	(20000, 12.0)	(22000, 15.0)	(24000, 10.0)	(26000, 8.0)	(28000, 6.0)	(30000, 6.0)	(32000, 14.0)	(34000, 7.0)	(36000, 9.0)	(38000, 11.0)	(40000, 6.0)	(42000, 5.0)	(44000, 5.0)	(46000, 9.0)	(48000, 5.0)	(50000, 10.0)	(52000, 8.0)	(54000, 3.0)	(56000, 2.0)	(58000, 1.0)	(60000, 3.0)	(62000, 2.0)	(64000, 1.0)	(66000, 3.0)	(68000, 1.0)	(70000, 0.0)	(72000, 0.0)	(74000, 0.0)	(76000, 3.0)	(78000, 0.0)	(80000, 1.0)										
FAY99780_pass_barcode01_98e12ebb_5ad7f319_57	(0, 389.0)	(2000, 169.0)	(4000, 100.0)	(6000, 44.0)	(8000, 36.0)	(10000, 18.0)	(12000, 16.0)	(14000, 16.0)	(16000, 24.0)	(18000, 7.0)	(20000, 7.0)	(22000, 11.0)	(24000, 9.0)	(26000, 7.0)	(28000, 8.0)	(30000, 5.0)	(32000, 3.0)	(34000, 4.0)	(36000, 5.0)	(38000, 2.0)	(40000, 0.0)	(42000, 3.0)	(44000, 1.0)	(46000, 1.0)	(48000, 0.0)	(50000, 1.0)	(52000, 1.0)																								
FAY99780_pass_barcode01_98e12ebb_5ad7f319_58	(0, 436.0)	(2000, 172.0)	(4000, 91.0)	(6000, 50.0)	(8000, 41.0)	(10000, 23.0)	(12000, 19.0)	(14000, 22.0)	(16000, 17.0)	(18000, 21.0)	(20000, 17.0)	(22000, 8.0)	(24000, 11.0)	(26000, 14.0)	(28000, 8.0)	(30000, 5.0)	(32000, 7.0)	(34000, 8.0)	(36000, 10.0)	(38000, 8.0)	(40000, 7.0)	(42000, 2.0)	(44000, 3.0)	(46000, 0.0)	(48000, 2.0)	(50000, 0.0)	(52000, 1.0)																								
FAY99780_pass_barcode01_98e12ebb_5ad7f319_59	(0, 374.0)	(2000, 155.0)	(4000, 78.0)	(6000, 45.0)	(8000, 38.0)	(10000, 24.0)	(12000, 20.0)	(14000, 16.0)	(16000, 16.0)	(18000, 14.0)	(20000, 13.0)	(22000, 13.0)	(24000, 12.0)	(26000, 5.0)	(28000, 17.0)	(30000, 7.0)	(32000, 9.0)	(34000, 8.0)	(36000, 5.0)	(38000, 7.0)	(40000, 7.0)	(42000, 10.0)	(44000, 6.0)	(46000, 4.0)	(48000, 6.0)	(50000, 2.0)	(52000, 2.0)	(54000, 5.0)	(56000, 2.0)	(58000, 3.0)	(60000, 1.0)	(62000, 0.0)	(64000, 4.0)	(66000, 3.0)	(68000, 1.0)	(70000, 1.0)															
FAY99780_pass_barcode01_98e12ebb_5ad7f319_6	(0, 843.0)	(5000, 171.0)	(10000, 87.0)	(15000, 67.0)	(20000, 50.0)	(25000, 46.0)	(30000, 27.0)	(35000, 25.0)	(40000, 24.0)	(45000, 17.0)	(50000, 14.0)	(55000, 7.0)	(60000, 9.0)	(65000, 3.0)	(70000, 3.0)	(75000, 0.0)	(80000, 2.0)	(85000, 0.0)	(90000, 0.0)	(95000, 2.0)	(100000, 1.0)	(105000, 0.0)	(110000, 1.0)																												
FAY99780_pass_barcode01_98e12ebb_5ad7f319_60	(0, 416.0)	(2000, 153.0)	(4000, 80.0)	(6000, 57.0)	(8000, 43.0)	(10000, 31.0)	(12000, 23.0)	(14000, 22.0)	(16000, 18.0)	(18000, 17.0)	(20000, 17.0)	(22000, 13.0)	(24000, 15.0)	(26000, 6.0)	(28000, 6.0)	(30000, 7.0)	(32000, 15.0)	(34000, 7.0)	(36000, 7.0)	(38000, 6.0)	(40000, 11.0)	(42000, 2.0)	(44000, 3.0)	(46000, 4.0)	(48000, 7.0)	(50000, 4.0)	(52000, 1.0)	(54000, 0.0)	(56000, 1.0)	(58000, 0.0)	(60000, 0.0)	(62000, 0.0)	(64000, 1.0)																		
FAY99780_pass_barcode01_98e12ebb_5ad7f319_61	(0, 221.0)	(1000, 165.0)	(2000, 101.0)	(3000, 66.0)	(4000, 44.0)	(5000, 21.0)	(6000, 29.0)	(7000, 19.0)	(8000, 26.0)	(9000, 15.0)	(10000, 20.0)	(11000, 13.0)	(12000, 13.0)	(13000, 12.0)	(14000, 10.0)	(15000, 11.0)	(16000, 9.0)	(17000, 14.0)	(18000, 10.0)	(19000, 11.0)	(20000, 4.0)	(21000, 9.0)	(22000, 5.0)	(23000, 3.0)	(24000, 2.0)	(25000, 3.0)	(26000, 3.0)	(27000, 6.0)	(28000, 1.0)	(29000, 2.0)	(30000, 5.0)	(31000, 1.0)	(32000, 8.0)	(33000, 5.0)	(34000, 3.0)	(35000, 4.0)	(36000, 1.0)	(37000, 1.0)	(38000, 1.0)	(39000, 2.0)	(40000, 0.0)	(41000, 2.0)	(42000, 4.0)	(43000, 1.0)	(44000, 1.0)	(45000, 4.0)	(46000, 1.0)	(47000, 1.0)	(48000, 0.0)	(49000, 0.0)	(50000, 2.0)
FAY99780_pass_barcode01_98e12ebb_5ad7f319_62	(0, 575.0)	(5000, 121.0)	(10000, 58.0)	(15000, 51.0)	(20000, 30.0)	(25000, 32.0)	(30000, 13.0)	(35000, 15.0)	(40000, 6.0)	(45000, 12.0)	(50000, 17.0)	(55000, 8.0)	(60000, 2.0)	(65000, 1.0)	(70000, 0.0)	(75000, 0.0)	(80000, 0.0)	(85000, 2.0)	(90000, 0.0)	(95000, 0.0)	(100000, 1.0)	(105000, 0.0)	(110000, 0.0)	(115000, 0.0)	(120000, 1.0)																										
FAY99780_pass_barcode01_98e12ebb_5ad7f319_63	(0, 238.0)	(1000, 154.0)	(2000, 82.0)	(3000, 78.0)	(4000, 55.0)	(5000, 44.0)	(6000, 23.0)	(7000, 15.0)	(8000, 17.0)	(9000, 15.0)	(10000, 20.0)	(11000, 11.0)	(12000, 15.0)	(13000, 14.0)	(14000, 10.0)	(15000, 6.0)	(16000, 3.0)	(17000, 8.0)	(18000, 8.0)	(19000, 3.0)	(20000, 7.0)	(21000, 6.0)	(22000, 4.0)	(23000, 6.0)	(24000, 4.0)	(25000, 5.0)	(26000, 2.0)	(27000, 5.0)	(28000, 4.0)	(29000, 7.0)	(30000, 6.0)	(31000, 4.0)	(32000, 3.0)	(33000, 1.0)	(34000, 3.0)	(35000, 3.0)	(36000, 3.0)	(37000, 2.0)	(38000, 4.0)	(39000, 1.0)	(40000, 2.0)	(41000, 0.0)	(42000, 1.0)	(43000, 2.0)	(44000, 1.0)	(45000, 1.0)	(46000, 1.0)	(47000, 0.0)	(48000, 1.0)	(49000, 0.0)	(50000, 1.0)
FAY99780_pass_barcode01_98e12ebb_5ad7f319_64	(0, 350.0)	(2000, 151.0)	(4000, 59.0)	(6000, 47.0)	(8000, 27.0)	(10000, 30.0)	(12000, 29.0)	(14000, 15.0)	(16000, 13.0)	(18000, 18.0)	(20000, 17.0)	(22000, 11.0)	(24000, 10.0)	(26000, 8.0)	(28000, 11.0)	(30000, 6.0)	(32000, 5.0)	(34000, 5.0)	(36000, 4.0)	(38000, 1.0)	(40000, 2.0)	(42000, 4.0)	(44000, 6.0)	(46000, 3.0)	(48000, 0.0)	(50000, 3.0)	(52000, 0.0)	(54000, 1.0)	(56000, 2.0)	(58000, 1.0)	(60000, 1.0)	(62000, 0.0)	(64000, 3.0)	(66000, 1.0)	(68000, 0.0)	(70000, 0.0)	(72000, 0.0)	(74000, 0.0)	(76000, 1.0)												
FAY99780_pass_barcode01_98e12ebb_5ad7f319_65	(0, 361.0)	(2000, 161.0)	(4000, 82.0)	(6000, 37.0)	(8000, 31.0)	(10000, 25.0)	(12000, 17.0)	(14000, 9.0)	(16000, 10.0)	(18000, 12.0)	(20000, 10.0)	(22000, 7.0)	(24000, 9.0)	(26000, 9.0)	(28000, 8.0)	(30000, 12.0)	(32000, 11.0)	(34000, 4.0)	(36000, 10.0)	(38000, 5.0)	(40000, 5.0)	(42000, 8.0)	(44000, 8.0)	(46000, 5.0)	(48000, 3.0)	(50000, 6.0)	(52000, 6.0)	(54000, 4.0)	(56000, 4.0)	(58000, 2.0)	(60000, 2.0)	(62000, 0.0)	(64000, 0.0)	(66000, 2.0)	(68000, 0.0)	(70000, 0.0)	(72000, 1.0)														
FAY99780_pass_barcode01_98e12ebb_5ad7f319_66	(0, 300.0)	(2000, 116.0)	(4000, 57.0)	(6000, 34.0)	(8000, 18.0)	(10000, 13.0)	(12000, 10.0)	(14000, 9.0)	(16000, 12.0)	(18000, 7.0)	(20000, 10.0)	(22000, 4.0)	(24000, 5.0)	(26000, 3.0)	(28000, 6.0)	(30000, 2.0)	(32000, 2.0)	(34000, 3.0)	(36000, 6.0)	(38000, 4.0)	(40000, 4.0)	(42000, 2.0)	(44000, 0.0)	(46000, 3.0)	(48000, 0.0)	(50000, 2.0)	(52000, 2.0)																								
FAY99780_pass_barcode01_98e12ebb_5ad7f319_67	(0, 438.0)	(2000, 189.0)	(4000, 99.0)	(6000, 55.0)	(8000, 37.0)	(10000, 24.0)	(12000, 22.0)	(14000, 17.0)	(16000, 13.0)	(18000, 17.0)	(20000, 12.0)	(22000, 9.0)	(24000, 13.0)	(26000, 9.0)	(28000, 5.0)	(30000, 7.0)	(32000, 8.0)	(34000, 5.0)	(36000, 4.0)	(38000, 2.0)	(40000, 5.0)	(42000, 5.0)	(44000, 3.0)	(46000, 0.0)	(48000, 1.0)	(50000, 3.0)	(52000, 0.0)	(54000, 0.0)	(56000, 0.0)	(58000, 0.0)	(60000, 1.0)																				
FAY99780_pass_barcode01_98e12ebb_5ad7f319_68	(0, 645.0)	(5000, 113.0)	(10000, 44.0)	(15000, 43.0)	(20000, 33.0)	(25000, 19.0)	(30000, 23.0)	(35000, 18.0)	(40000, 14.0)	(45000, 14.0)	(50000, 12.0)	(55000, 6.0)	(60000, 5.0)	(65000, 3.0)	(70000, 0.0)	(75000, 1.0)	(80000, 0.0)	(85000, 0.0)	(90000, 1.0)	(95000, 0.0)	(100000, 0.0)	(105000, 1.0)	(110000, 0.0)	(115000, 1.0)																											
FAY99780_pass_barcode01_98e12ebb_5ad7f319_69	(0, 237.0)	(1000, 137.0)	(2000, 94.0)	(3000, 51.0)	(4000, 34.0)	(5000, 36.0)	(6000, 25.0)	(7000, 19.0)	(8000, 21.0)	(9000, 17.0)	(10000, 18.0)	(11000, 14.0)	(12000, 7.0)	(13000, 11.0)	(14000, 10.0)	(15000, 9.0)	(16000, 12.0)	(17000, 8.0)	(18000, 8.0)	(19000, 8.0)	(20000, 8.0)	(21000, 9.0)	(22000, 2.0)	(23000, 3.0)	(24000, 5.0)	(25000, 5.0)	(26000, 6.0)	(27000, 5.0)	(28000, 3.0)	(29000, 3.0)	(30000, 6.0)	(31000, 1.0)	(32000, 5.0)	(33000, 5.0)	(34000, 0.0)	(35000, 0.0)	(36000, 1.0)	(37000, 8.0)	(38000, 0.0)	(39000, 1.0)	(40000, 1.0)	(41000, 3.0)	(42000, 1.0)	(43000, 4.0)	(44000, 0.0)	(45000, 2.0)	(46000, 0.0)	(47000, 0.0)	(48000, 2.0)		
FAY99780_pass_barcode01_98e12ebb_5ad7f319_7	(0, 619.0)	(2000, 200.0)	(4000, 109.0)	(6000, 60.0)	(8000, 50.0)	(10000, 39.0)	(12000, 32.0)	(14000, 33.0)	(16000, 21.0)	(18000, 15.0)	(20000, 24.0)	(22000, 26.0)	(24000, 14.0)	(26000, 23.0)	(28000, 16.0)	(30000, 11.0)	(32000, 11.0)	(34000, 12.0)	(36000, 7.0)	(38000, 8.0)	(40000, 8.0)	(42000, 9.0)	(44000, 11.0)	(46000, 5.0)	(48000, 10.0)	(50000, 5.0)	(52000, 6.0)	(54000, 3.0)	(56000, 1.0)	(58000, 5.0)	(60000, 5.0)	(62000, 2.0)	(64000, 2.0)	(66000, 1.0)	(68000, 2.0)	(70000, 1.0)	(72000, 0.0)	(74000, 0.0)	(76000, 1.0)	(78000, 0.0)	(80000, 0.0)	(82000, 0.0)	(84000, 0.0)	(86000, 0.0)	(88000, 1.0)						
FAY99780_pass_barcode01_98e12ebb_5ad7f319_70	(0, 356.0)	(2000, 166.0)	(4000, 74.0)	(6000, 43.0)	(8000, 34.0)	(10000, 36.0)	(12000, 22.0)	(14000, 17.0)	(16000, 10.0)	(18000, 24.0)	(20000, 12.0)	(22000, 11.0)	(24000, 4.0)	(26000, 11.0)	(28000, 7.0)	(30000, 5.0)	(32000, 7.0)	(34000, 6.0)	(36000, 5.0)	(38000, 3.0)	(40000, 4.0)	(42000, 4.0)	(44000, 2.0)	(46000, 2.0)	(48000, 3.0)	(50000, 3.0)	(52000, 0.0)	(54000, 2.0)	(56000, 0.0)	(58000, 0.0)	(60000, 3.0)	(62000, 0.0)	(64000, 1.0)	(66000, 0.0)	(68000, 0.0)	(70000, 0.0)	(72000, 0.0)	(74000, 1.0)													
FAY99780_pass_barcode01_98e12ebb_5ad7f319_71	(0, 552.0)	(5000, 117.0)	(10000, 51.0)	(15000, 37.0)	(20000, 28.0)	(25000, 24.0)	(30000, 12.0)	(35000, 11.0)	(40000, 7.0)	(45000, 7.0)	(50000, 10.0)	(55000, 2.0)	(60000, 6.0)	(65000, 0.0)	(70000, 0.0)	(75000, 0.0)	(80000, 0.0)	(85000, 0.0)	(90000, 0.0)	(95000, 0.0)	(100000, 0.0)	(105000, 1.0)																													
FAY99780_pass_barcode01_98e12ebb_5ad7f319_72	(0, 181.0)	(1000, 156.0)	(2000, 86.0)	(3000, 52.0)	(4000, 29.0)	(5000, 35.0)	(6000, 14.0)	(7000, 13.0)	(8000, 17.0)	(9000, 12.0)	(10000, 15.0)	(11000, 6.0)	(12000, 7.0)	(13000, 6.0)	(14000, 5.0)	(15000, 7.0)	(16000, 10.0)	(17000, 6.0)	(18000, 9.0)	(19000, 5.0)	(20000, 5.0)	(21000, 4.0)	(22000, 3.0)	(23000, 4.0)	(24000, 7.0)	(25000, 8.0)	(26000, 3.0)	(27000, 3.0)	(28000, 4.0)	(29000, 6.0)	(30000, 5.0)	(31000, 3.0)	(32000, 5.0)	(33000, 0.0)	(34000, 2.0)	(35000, 3.0)	(36000, 1.0)	(37000, 4.0)	(38000, 4.0)	(39000, 2.0)	(40000, 1.0)	(41000, 0.0)	(42000, 4.0)	(43000, 1.0)	(44000, 3.0)	(45000, 0.0)	(46000, 0.0)	(47000, 2.0)			
FAY99780_pass_barcode01_98e12ebb_5ad7f319_73	(0, 187.0)	(1000, 150.0)	(2000, 78.0)	(3000, 59.0)	(4000, 37.0)	(5000, 23.0)	(6000, 22.0)	(7000, 16.0)	(8000, 14.0)	(9000, 27.0)	(10000, 6.0)	(11000, 7.0)	(12000, 9.0)	(13000, 9.0)	(14000, 3.0)	(15000, 9.0)	(16000, 9.0)	(17000, 6.0)	(18000, 6.0)	(19000, 8.0)	(20000, 6.0)	(21000, 4.0)	(22000, 8.0)	(23000, 5.0)	(24000, 5.0)	(25000, 3.0)	(26000, 3.0)	(27000, 3.0)	(28000, 2.0)	(29000, 7.0)	(30000, 0.0)	(31000, 4.0)	(32000, 7.0)	(33000, 3.0)	(34000, 2.0)	(35000, 3.0)	(36000, 4.0)	(37000, 2.0)	(38000, 5.0)	(39000, 4.0)	(40000, 2.0)	(41000, 0.0)	(42000, 0.0)	(43000, 0.0)	(44000, 4.0)	(45000, 3.0)	(46000, 1.0)	(47000, 0.0)	(48000, 2.0)		
FAY99780_pass_barcode01_98e12ebb_5ad7f319_74	(0, 315.0)	(2000, 133.0)	(4000, 54.0)	(6000, 49.0)	(8000, 29.0)	(10000, 21.0)	(12000, 31.0)	(14000, 13.0)	(16000, 21.0)	(18000, 13.0)	(20000, 9.0)	(22000, 4.0)	(24000, 5.0)	(26000, 5.0)	(28000, 17.0)	(30000, 9.0)	(32000, 8.0)	(34000, 8.0)	(36000, 4.0)	(38000, 8.0)	(40000, 3.0)	(42000, 2.0)	(44000, 1.0)	(46000, 1.0)	(48000, 0.0)	(50000, 1.0)	(52000, 1.0)																								
FAY99780_pass_barcode01_98e12ebb_5ad7f319_75	(0, 256.0)	(2000, 112.0)	(4000, 48.0)	(6000, 35.0)	(8000, 24.0)	(10000, 15.0)	(12000, 9.0)	(14000, 13.0)	(16000, 9.0)	(18000, 6.0)	(20000, 12.0)	(22000, 3.0)	(24000, 7.0)	(26000, 4.0)	(28000, 8.0)	(30000, 4.0)	(32000, 11.0)	(34000, 5.0)	(36000, 2.0)	(38000, 2.0)	(40000, 7.0)	(42000, 4.0)	(44000, 2.0)	(46000, 7.0)	(48000, 5.0)	(50000, 5.0)	(52000, 4.0)	(54000, 2.0)	(56000, 2.0)	(58000, 1.0)	(60000, 1.0)	(62000, 3.0)	(64000, 1.0)	(66000, 3.0)	(68000, 0.0)	(70000, 0.0)	(72000, 0.0)	(74000, 0.0)	(76000, 0.0)	(78000, 0.0)	(80000, 0.0)	(82000, 0.0)	(84000, 0.0)	(86000, 1.0)							
FAY99780_pass_barcode01_98e12ebb_5ad7f319_76	(0, 378.0)	(2000, 154.0)	(4000, 78.0)	(6000, 36.0)	(8000, 23.0)	(10000, 24.0)	(12000, 11.0)	(14000, 10.0)	(16000, 11.0)	(18000, 9.0)	(20000, 12.0)	(22000, 5.0)	(24000, 6.0)	(26000, 4.0)	(28000, 5.0)	(30000, 8.0)	(32000, 6.0)	(34000, 1.0)	(36000, 6.0)	(38000, 2.0)	(40000, 3.0)	(42000, 3.0)	(44000, 2.0)	(46000, 0.0)	(48000, 0.0)	(50000, 1.0)																									
FAY99780_pass_barcode01_98e12ebb_5ad7f319_77	(0, 386.0)	(2000, 145.0)	(4000, 84.0)	(6000, 45.0)	(8000, 35.0)	(10000, 30.0)	(12000, 19.0)	(14000, 10.0)	(16000, 18.0)	(18000, 9.0)	(20000, 13.0)	(22000, 11.0)	(24000, 8.0)	(26000, 14.0)	(28000, 8.0)	(30000, 4.0)	(32000, 4.0)	(34000, 5.0)	(36000, 3.0)	(38000, 2.0)	(40000, 1.0)	(42000, 4.0)	(44000, 2.0)	(46000, 0.0)	(48000, 3.0)	(50000, 0.0)	(52000, 2.0)	(54000, 1.0)																							
FAY99780_pass_barcode01_98e12ebb_5ad7f319_78	(0, 386.0)	(2000, 157.0)	(4000, 97.0)	(6000, 48.0)	(8000, 24.0)	(10000, 28.0)	(12000, 12.0)	(14000, 14.0)	(16000, 16.0)	(18000, 15.0)	(20000, 11.0)	(22000, 14.0)	(24000, 9.0)	(26000, 5.0)	(28000, 5.0)	(30000, 8.0)	(32000, 4.0)	(34000, 5.0)	(36000, 8.0)	(38000, 4.0)	(40000, 3.0)	(42000, 5.0)	(44000, 8.0)	(46000, 5.0)	(48000, 2.0)	(50000, 9.0)	(52000, 5.0)	(54000, 1.0)	(56000, 2.0)	(58000, 2.0)	(60000, 0.0)	(62000, 3.0)	(64000, 3.0)	(66000, 3.0)	(68000, 2.0)	(70000, 1.0)	(72000, 0.0)	(74000, 0.0)	(76000, 0.0)	(78000, 0.0)	(80000, 0.0)	(82000, 1.0)	(84000, 1.0)	(86000, 1.0)	(88000, 0.0)	(90000, 0.0)	(92000, 0.0)	(94000, 1.0)			
FAY99780_pass_barcode01_98e12ebb_5ad7f319_79	(0, 325.0)	(2000, 145.0)	(4000, 64.0)	(6000, 46.0)	(8000, 32.0)	(10000, 24.0)	(12000, 19.0)	(14000, 15.0)	(16000, 18.0)	(18000, 12.0)	(20000, 13.0)	(22000, 4.0)	(24000, 9.0)	(26000, 6.0)	(28000, 7.0)	(30000, 15.0)	(32000, 6.0)	(34000, 5.0)	(36000, 4.0)	(38000, 5.0)	(40000, 5.0)	(42000, 7.0)	(44000, 6.0)	(46000, 2.0)	(48000, 5.0)	(50000, 0.0)	(52000, 1.0)																								
FAY99780_pass_barcode01_98e12ebb_5ad7f319_8	(0, 634.0)	(2000, 198.0)	(4000, 142.0)	(6000, 75.0)	(8000, 43.0)	(10000, 41.0)	(12000, 37.0)	(14000, 22.0)	(16000, 18.0)	(18000, 20.0)	(20000, 23.0)	(22000, 21.0)	(24000, 25.0)	(26000, 14.0)	(28000, 11.0)	(30000, 14.0)	(32000, 6.0)	(34000, 16.0)	(36000, 12.0)	(38000, 4.0)	(40000, 7.0)	(42000, 3.0)	(44000, 9.0)	(46000, 2.0)	(48000, 2.0)	(50000, 1.0)	(52000, 5.0)	(54000, 0.0)	(56000, 1.0)	(58000, 1.0)	(60000, 0.0)	(62000, 0.0)	(64000, 0.0)	(66000, 0.0)	(68000, 0.0)	(70000, 1.0)															
FAY99780_pass_barcode01_98e12ebb_5ad7f319_80	(0, 529.0)	(5000, 93.0)	(10000, 56.0)	(15000, 31.0)	(20000, 17.0)	(25000, 23.0)	(30000, 28.0)	(35000, 10.0)	(40000, 8.0)	(45000, 8.0)	(50000, 11.0)	(55000, 8.0)	(60000, 6.0)	(65000, 2.0)	(70000, 2.0)	(75000, 5.0)	(80000, 0.0)	(85000, 0.0)	(90000, 1.0)	(95000, 2.0)	(100000, 0.0)	(105000, 0.0)	(110000, 0.0)	(115000, 1.0)																											
FAY99780_pass_barcode01_98e12ebb_5ad7f319_81	(0, 197.0)	(1000, 141.0)	(2000, 99.0)	(3000, 68.0)	(4000, 36.0)	(5000, 24.0)	(6000, 17.0)	(7000, 16.0)	(8000, 11.0)	(9000, 12.0)	(10000, 6.0)	(11000, 11.0)	(12000, 12.0)	(13000, 9.0)	(14000, 4.0)	(15000, 4.0)	(16000, 3.0)	(17000, 11.0)	(18000, 7.0)	(19000, 4.0)	(20000, 7.0)	(21000, 4.0)	(22000, 3.0)	(23000, 3.0)	(24000, 6.0)	(25000, 3.0)	(26000, 1.0)	(27000, 5.0)	(28000, 3.0)	(29000, 2.0)	(30000, 1.0)	(31000, 4.0)	(32000, 4.0)	(33000, 1.0)	(34000, 1.0)	(35000, 4.0)	(36000, 2.0)	(37000, 2.0)	(38000, 3.0)	(39000, 1.0)	(40000, 0.0)	(41000, 3.0)	(42000, 1.0)	(43000, 1.0)	(44000, 1.0)	(45000, 0.0)	(46000, 1.0)	(47000, 1.0)	(48000, 1.0)	(49000, 1.0)	
FAY99780_pass_barcode01_98e12ebb_5ad7f319_82	(0, 205.0)	(1000, 155.0)	(2000, 97.0)	(3000, 48.0)	(4000, 28.0)	(5000, 30.0)	(6000, 22.0)	(7000, 20.0)	(8000, 12.0)	(9000, 10.0)	(10000, 9.0)	(11000, 8.0)	(12000, 9.0)	(13000, 9.0)	(14000, 6.0)	(15000, 9.0)	(16000, 11.0)	(17000, 5.0)	(18000, 10.0)	(19000, 7.0)	(20000, 5.0)	(21000, 5.0)	(22000, 4.0)	(23000, 4.0)	(24000, 6.0)	(25000, 6.0)	(26000, 6.0)	(27000, 9.0)	(28000, 4.0)	(29000, 4.0)	(30000, 3.0)	(31000, 2.0)	(32000, 2.0)	(33000, 4.0)	(34000, 0.0)	(35000, 3.0)	(36000, 1.0)	(37000, 3.0)	(38000, 4.0)	(39000, 4.0)	(40000, 0.0)	(41000, 3.0)	(42000, 0.0)	(43000, 4.0)	(44000, 1.0)	(45000, 1.0)	(46000, 0.0)	(47000, 0.0)	(48000, 0.0)	(49000, 1.0)	
FAY99780_pass_barcode01_98e12ebb_5ad7f319_83	(0, 581.0)	(5000, 85.0)	(10000, 47.0)	(15000, 33.0)	(20000, 24.0)	(25000, 19.0)	(30000, 12.0)	(35000, 20.0)	(40000, 10.0)	(45000, 6.0)	(50000, 11.0)	(55000, 12.0)	(60000, 3.0)	(65000, 1.0)	(70000, 2.0)	(75000, 0.0)	(80000, 0.0)	(85000, 0.0)	(90000, 0.0)	(95000, 0.0)	(100000, 0.0)	(105000, 1.0)																													
FAY99780_pass_barcode01_98e12ebb_5ad7f319_84	(0, 320.0)	(2000, 126.0)	(4000, 71.0)	(6000, 48.0)	(8000, 30.0)	(10000, 21.0)	(12000, 13.0)	(14000, 6.0)	(16000, 8.0)	(18000, 12.0)	(20000, 18.0)	(22000, 9.0)	(24000, 5.0)	(26000, 6.0)	(28000, 5.0)	(30000, 4.0)	(32000, 5.0)	(34000, 7.0)	(36000, 2.0)	(38000, 4.0)	(40000, 3.0)	(42000, 4.0)	(44000, 2.0)	(46000, 2.0)	(48000, 4.0)	(50000, 0.0)	(52000, 1.0)																								
FAY99780_pass_barcode01_98e12ebb_5ad7f319_85	(0, 286.0)	(2000, 110.0)	(4000, 49.0)	(6000, 27.0)	(8000, 17.0)	(10000, 11.0)	(12000, 3.0)	(14000, 5.0)	(16000, 7.0)	(18000, 8.0)	(20000, 5.0)	(22000, 6.0)	(24000, 6.0)	(26000, 7.0)	(28000, 4.0)	(30000, 5.0)	(32000, 2.0)	(34000, 3.0)	(36000, 1.0)	(38000, 2.0)	(40000, 1.0)	(42000, 3.0)	(44000, 2.0)	(46000, 0.0)	(48000, 3.0)	(50000, 0.0)	(52000, 1.0)																								
FAY99780_pass_barcode01_98e12ebb_5ad7f319_86	(0, 415.0)	(2000, 146.0)	(4000, 77.0)	(6000, 45.0)	(8000, 30.0)	(10000, 28.0)	(12000, 22.0)	(14000, 13.0)	(16000, 10.0)	(18000, 14.0)	(20000, 19.0)	(22000, 5.0)	(24000, 4.0)	(26000, 7.0)	(28000, 7.0)	(30000, 3.0)	(32000, 7.0)	(34000, 5.0)	(36000, 2.0)	(38000, 1.0)	(40000, 1.0)	(42000, 1.0)	(44000, 3.0)	(46000, 1.0)	(48000, 0.0)	(50000, 0.0)	(52000, 1.0)																								
FAY99780_pass_barcode01_98e12ebb_5ad7f319_87	(0, 569.0)	(5000, 94.0)	(10000, 47.0)	(15000, 32.0)	(20000, 31.0)	(25000, 15.0)	(30000, 14.0)	(35000, 16.0)	(40000, 10.0)	(45000, 13.0)	(50000, 11.0)	(55000, 5.0)	(60000, 1.0)	(65000, 1.0)	(70000, 0.0)	(75000, 0.0)	(80000, 0.0)	(85000, 0.0)	(90000, 0.0)	(95000, 0.0)	(100000, 0.0)	(105000, 1.0)																													
FAY99780_pass_barcode01_98e12ebb_5ad7f319_88	(0, 163.0)	(1000, 143.0)	(2000, 66.0)	(3000, 59.0)	(4000, 38.0)	(5000, 35.0)	(6000, 27.0)	(7000, 13.0)	(8000, 11.0)	(9000, 12.0)	(10000, 18.0)	(11000, 8.0)	(12000, 13.0)	(13000, 7.0)	(14000, 3.0)	(15000, 9.0)	(16000, 7.0)	(17000, 1.0)	(18000, 7.0)	(19000, 5.0)	(20000, 8.0)	(21000, 8.0)	(22000, 8.0)	(23000, 5.0)	(24000, 3.0)	(25000, 2.0)	(26000, 5.0)	(27000, 1.0)	(28000, 0.0)	(29000, 3.0)	(30000, 4.0)	(31000, 4.0)	(32000, 2.0)	(33000, 5.0)	(34000, 3.0)	(35000, 3.0)	(36000, 3.0)	(37000, 3.0)	(38000, 4.0)	(39000, 2.0)	(40000, 1.0)	(41000, 1.0)	(42000, 0.0)	(43000, 5.0)	(44000, 1.0)	(45000, 0.0)	(46000, 2.0)	(47000, 1.0)	(48000, 0.0)	(49000, 0.0)	(50000, 1.0)
FAY99780_pass_barcode01_98e12ebb_5ad7f319_89	(0, 350.0)	(2000, 148.0)	(4000, 71.0)	(6000, 48.0)	(8000, 32.0)	(10000, 21.0)	(12000, 19.0)	(14000, 20.0)	(16000, 11.0)	(18000, 9.0)	(20000, 6.0)	(22000, 11.0)	(24000, 6.0)	(26000, 7.0)	(28000, 8.0)	(30000, 6.0)	(32000, 6.0)	(34000, 3.0)	(36000, 7.0)	(38000, 3.0)	(40000, 5.0)	(42000, 1.0)	(44000, 1.0)	(46000, 1.0)	(48000, 1.0)	(50000, 0.0)	(52000, 0.0)	(54000, 0.0)	(56000, 1.0)																						
FAY99780_pass_barcode01_98e12ebb_5ad7f319_9	(0, 768.0)	(5000, 79.0)	(10000, 63.0)	(15000, 34.0)	(20000, 33.0)	(25000, 21.0)	(30000, 14.0)	(35000, 11.0)	(40000, 11.0)	(45000, 9.0)	(50000, 9.0)	(55000, 11.0)	(60000, 9.0)	(65000, 2.0)	(70000, 0.0)	(75000, 0.0)	(80000, 3.0)	(85000, 1.0)	(90000, 1.0)	(95000, 0.0)	(100000, 0.0)	(105000, 0.0)	(110000, 0.0)	(115000, 2.0)																											
FAY99780_pass_barcode01_98e12ebb_5ad7f319_90	(0, 501.0)	(5000, 104.0)	(10000, 57.0)	(15000, 27.0)	(20000, 32.0)	(25000, 18.0)	(30000, 9.0)	(35000, 12.0)	(40000, 4.0)	(45000, 12.0)	(50000, 13.0)	(55000, 13.0)	(60000, 7.0)	(65000, 4.0)	(70000, 1.0)	(75000, 2.0)	(80000, 1.0)	(85000, 0.0)	(90000, 2.0)	(95000, 1.0)	(100000, 0.0)	(105000, 1.0)	(110000, 0.0)	(115000, 0.0)	(120000, 0.0)	(125000, 0.0)	(130000, 0.0)	(135000, 0.0)	(140000, 0.0)	(145000, 0.0)	(150000, 1.0)																				
FAY99780_pass_barcode01_98e12ebb_5ad7f319_91	(0, 279.0)	(2000, 136.0)	(4000, 53.0)	(6000, 27.0)	(8000, 36.0)	(10000, 25.0)	(12000, 8.0)	(14000, 15.0)	(16000, 9.0)	(18000, 19.0)	(20000, 8.0)	(22000, 7.0)	(24000, 9.0)	(26000, 3.0)	(28000, 8.0)	(30000, 5.0)	(32000, 3.0)	(34000, 9.0)	(36000, 10.0)	(38000, 3.0)	(40000, 3.0)	(42000, 3.0)	(44000, 2.0)	(46000, 0.0)	(48000, 4.0)	(50000, 0.0)	(52000, 0.0)	(54000, 0.0)	(56000, 0.0)	(58000, 1.0)																					
FAY99780_pass_barcode01_98e12ebb_5ad7f319_92	(0, 176.0)	(1000, 140.0)	(2000, 93.0)	(3000, 32.0)	(4000, 30.0)	(5000, 28.0)	(6000, 25.0)	(7000, 23.0)	(8000, 7.0)	(9000, 9.0)	(10000, 7.0)	(11000, 15.0)	(12000, 9.0)	(13000, 12.0)	(14000, 7.0)	(15000, 7.0)	(16000, 4.0)	(17000, 4.0)	(18000, 3.0)	(19000, 3.0)	(20000, 5.0)	(21000, 10.0)	(22000, 6.0)	(23000, 6.0)	(24000, 5.0)	(25000, 6.0)	(26000, 1.0)	(27000, 1.0)	(28000, 3.0)	(29000, 8.0)	(30000, 0.0)	(31000, 2.0)	(32000, 4.0)	(33000, 2.0)	(34000, 1.0)	(35000, 2.0)	(36000, 2.0)	(37000, 0.0)	(38000, 1.0)	(39000, 1.0)	(40000, 1.0)	(41000, 1.0)	(42000, 1.0)	(43000, 1.0)	(44000, 0.0)	(45000, 2.0)	(46000, 1.0)	(47000, 1.0)			
FAY99780_pass_barcode01_98e12ebb_5ad7f319_93	(0, 180.0)	(1000, 126.0)	(2000, 58.0)	(3000, 46.0)	(4000, 24.0)	(5000, 28.0)	(6000, 20.0)	(7000, 18.0)	(8000, 17.0)	(9000, 10.0)	(10000, 6.0)	(11000, 8.0)	(12000, 7.0)	(13000, 14.0)	(14000, 8.0)	(15000, 5.0)	(16000, 1.0)	(17000, 1.0)	(18000, 3.0)	(19000, 6.0)	(20000, 6.0)	(21000, 5.0)	(22000, 4.0)	(23000, 1.0)	(24000, 6.0)	(25000, 3.0)	(26000, 6.0)	(27000, 3.0)	(28000, 1.0)	(29000, 5.0)	(30000, 6.0)	(31000, 3.0)	(32000, 1.0)	(33000, 1.0)	(34000, 1.0)	(35000, 4.0)	(36000, 2.0)	(37000, 5.0)	(38000, 2.0)	(39000, 1.0)	(40000, 1.0)	(41000, 0.0)	(42000, 1.0)	(43000, 3.0)	(44000, 0.0)	(45000, 2.0)	(46000, 1.0)	(47000, 1.0)	(48000, 1.0)		
FAY99780_pass_barcode01_98e12ebb_5ad7f319_94	(0, 243.0)	(2000, 97.0)	(4000, 44.0)	(6000, 29.0)	(8000, 24.0)	(10000, 14.0)	(12000, 16.0)	(14000, 12.0)	(16000, 19.0)	(18000, 9.0)	(20000, 4.0)	(22000, 6.0)	(24000, 6.0)	(26000, 8.0)	(28000, 5.0)	(30000, 11.0)	(32000, 2.0)	(34000, 4.0)	(36000, 9.0)	(38000, 3.0)	(40000, 6.0)	(42000, 2.0)	(44000, 5.0)	(46000, 3.0)	(48000, 4.0)	(50000, 6.0)	(52000, 5.0)	(54000, 2.0)	(56000, 2.0)	(58000, 1.0)	(60000, 3.0)	(62000, 3.0)	(64000, 0.0)	(66000, 1.0)	(68000, 2.0)	(70000, 3.0)	(72000, 1.0)	(74000, 0.0)	(76000, 0.0)	(78000, 1.0)	(80000, 0.0)	(82000, 0.0)	(84000, 1.0)								
FAY99780_pass_barcode01_98e12ebb_5ad7f319_95	(0, 180.0)	(1000, 143.0)	(2000, 81.0)	(3000, 66.0)	(4000, 31.0)	(5000, 17.0)	(6000, 17.0)	(7000, 18.0)	(8000, 12.0)	(9000, 6.0)	(10000, 10.0)	(11000, 10.0)	(12000, 8.0)	(13000, 8.0)	(14000, 5.0)	(15000, 8.0)	(16000, 4.0)	(17000, 6.0)	(18000, 7.0)	(19000, 4.0)	(20000, 5.0)	(21000, 2.0)	(22000, 4.0)	(23000, 3.0)	(24000, 2.0)	(25000, 2.0)	(26000, 4.0)	(27000, 1.0)	(28000, 3.0)	(29000, 5.0)	(30000, 0.0)	(31000, 1.0)	(32000, 2.0)	(33000, 1.0)	(34000, 3.0)	(35000, 2.0)	(36000, 1.0)	(37000, 0.0)	(38000, 0.0)	(39000, 0.0)	(40000, 0.0)	(41000, 2.0)	(42000, 2.0)	(43000, 1.0)	(44000, 1.0)	(45000, 1.0)					
FAY99780_pass_barcode01_98e12ebb_5ad7f319_96	(0, 353.0)	(2000, 122.0)	(4000, 60.0)	(6000, 36.0)	(8000, 23.0)	(10000, 18.0)	(12000, 21.0)	(14000, 13.0)	(16000, 17.0)	(18000, 14.0)	(20000, 5.0)	(22000, 9.0)	(24000, 7.0)	(26000, 4.0)	(28000, 1.0)	(30000, 4.0)	(32000, 8.0)	(34000, 2.0)	(36000, 3.0)	(38000, 3.0)	(40000, 3.0)	(42000, 3.0)	(44000, 3.0)	(46000, 1.0)	(48000, 2.0)	(50000, 0.0)	(52000, 0.0)	(54000, 0.0)	(56000, 1.0)																						
FAY99780_pass_barcode01_98e12ebb_5ad7f319_97	(0, 182.0)	(1000, 118.0)	(2000, 62.0)	(3000, 48.0)	(4000, 32.0)	(5000, 19.0)	(6000, 21.0)	(7000, 14.0)	(8000, 13.0)	(9000, 9.0)	(10000, 12.0)	(11000, 3.0)	(12000, 6.0)	(13000, 5.0)	(14000, 6.0)	(15000, 9.0)	(16000, 10.0)	(17000, 3.0)	(18000, 1.0)	(19000, 4.0)	(20000, 5.0)	(21000, 3.0)	(22000, 3.0)	(23000, 2.0)	(24000, 3.0)	(25000, 2.0)	(26000, 3.0)	(27000, 3.0)	(28000, 1.0)	(29000, 3.0)	(30000, 3.0)	(31000, 0.0)	(32000, 2.0)	(33000, 3.0)	(34000, 1.0)	(35000, 8.0)	(36000, 1.0)	(37000, 3.0)	(38000, 0.0)	(39000, 2.0)	(40000, 0.0)	(41000, 2.0)	(42000, 3.0)	(43000, 0.0)	(44000, 1.0)	(45000, 0.0)	(46000, 0.0)	(47000, 1.0)	(48000, 0.0)	(49000, 1.0)	
FAY99780_pass_barcode01_98e12ebb_5ad7f319_98	(0, 326.0)	(2000, 120.0)	(4000, 52.0)	(6000, 32.0)	(8000, 27.0)	(10000, 13.0)	(12000, 17.0)	(14000, 22.0)	(16000, 9.0)	(18000, 10.0)	(20000, 6.0)	(22000, 8.0)	(24000, 4.0)	(26000, 6.0)	(28000, 6.0)	(30000, 3.0)	(32000, 5.0)	(34000, 4.0)	(36000, 2.0)	(38000, 1.0)	(40000, 0.0)	(42000, 1.0)	(44000, 1.0)	(46000, 3.0)	(48000, 1.0)	(50000, 0.0)	(52000, 1.0)																								
FAY99780_pass_barcode01_98e12ebb_5ad7f319_99	(0, 316.0)	(2000, 110.0)	(4000, 61.0)	(6000, 35.0)	(8000, 23.0)	(10000, 24.0)	(12000, 14.0)	(14000, 15.0)	(16000, 7.0)	(18000, 9.0)	(20000, 14.0)	(22000, 7.0)	(24000, 8.0)	(26000, 4.0)	(28000, 4.0)	(30000, 4.0)	(32000, 7.0)	(34000, 7.0)	(36000, 4.0)	(38000, 4.0)	(40000, 6.0)	(42000, 8.0)	(44000, 6.0)	(46000, 3.0)	(48000, 5.0)	(50000, 5.0)	(52000, 4.0)	(54000, 3.0)	(56000, 5.0)	(58000, 2.0)	(60000, 1.0)	(62000, 1.0)	(64000, 0.0)	(66000, 2.0)	(68000, 0.0)	(70000, 0.0)	(72000, 1.0)	(74000, 0.0)	(76000, 0.0)	(78000, 2.0)	(80000, 0.0)	(82000, 0.0)	(84000, 0.0)	(86000, 0.0)	(88000, 2.0)						
