Sample	fastqc-percent_duplicates	fastqc-percent_gc	fastqc-avg_sequence_length	fastqc-median_sequence_length	fastqc-percent_fails	fastqc-total_sequences
FAY99780_pass_barcode01_98e12ebb_5ad7f319_0	0.0	37.0	4448.578686493184	999	10.0	0.000807
FAY99780_pass_barcode01_98e12ebb_5ad7f319_1	0.0	37.0	5739.5701267828845	999	10.0	0.0012619999999999999
FAY99780_pass_barcode01_98e12ebb_5ad7f319_10	0.0	37.0	6669.207732634338	2999	10.0	0.001526
FAY99780_pass_barcode01_98e12ebb_5ad7f319_100	0.0	37.0	6659.212887438825	2499	10.0	0.0006129999999999999
FAY99780_pass_barcode01_98e12ebb_5ad7f319_101	0.0	37.0	5753.968515742129	2499	0.0	0.000667
FAY99780_pass_barcode01_98e12ebb_5ad7f319_102	0.0	37.0	6811.703935599285	2999	10.0	0.0005589999999999999
FAY99780_pass_barcode01_98e12ebb_5ad7f319_103	0.0	37.0	10148.999254843517	2499	10.0	0.0006709999999999999
FAY99780_pass_barcode01_98e12ebb_5ad7f319_104	0.0	37.0	5620.336099585063	999	10.0	0.00048199999999999995
FAY99780_pass_barcode01_98e12ebb_5ad7f319_105	0.0	37.0	5983.961340206186	2999	0.0	0.000776
FAY99780_pass_barcode01_98e12ebb_5ad7f319_106	0.0	37.0	6143.222145804677	2499	0.0	0.000727
FAY99780_pass_barcode01_98e12ebb_5ad7f319_107	0.0	37.0	9704.335926449789	2499	10.0	0.000707
FAY99780_pass_barcode01_98e12ebb_5ad7f319_108	0.0	37.0	6479.777867528272	2499	10.0	0.000619
FAY99780_pass_barcode01_98e12ebb_5ad7f319_109	0.0	37.0	5527.7470686767165	2499	0.0	0.000597
FAY99780_pass_barcode01_98e12ebb_5ad7f319_11	0.0	37.0	7300.640397350993	2499	10.0	0.0015099999999999998
FAY99780_pass_barcode01_98e12ebb_5ad7f319_110	0.0	37.0	6459.827447833066	2499	0.0	0.000623
FAY99780_pass_barcode01_98e12ebb_5ad7f319_111	0.0	37.0	8442.33945686901	2999	10.0	0.0006259999999999999
FAY99780_pass_barcode01_98e12ebb_5ad7f319_112	0.0	37.0	7420.5925076452595	2999	10.0	0.000654
FAY99780_pass_barcode01_98e12ebb_5ad7f319_113	0.0	37.0	6304.452606635071	2499	10.0	0.00042199999999999996
FAY99780_pass_barcode01_98e12ebb_5ad7f319_114	0.0	37.0	5830.0493991989315	2499	10.0	0.000749
FAY99780_pass_barcode01_98e12ebb_5ad7f319_115	0.0	37.0	5762.277947932619	2499	10.0	0.0006529999999999999
FAY99780_pass_barcode01_98e12ebb_5ad7f319_116	0.0	37.0	9356.04918032787	2999	10.0	0.0006709999999999999
FAY99780_pass_barcode01_98e12ebb_5ad7f319_117	0.0	37.0	6485.0664122137405	2999	10.0	0.000655
FAY99780_pass_barcode01_98e12ebb_5ad7f319_118	0.15898251192368207	37.0	6377.955484896662	2499	0.0	0.000629
FAY99780_pass_barcode01_98e12ebb_5ad7f319_119	0.0	37.0	6174.831069609508	2499	10.0	0.000589
FAY99780_pass_barcode01_98e12ebb_5ad7f319_12	0.0	37.0	7058.939507094847	2999	10.0	0.001339
FAY99780_pass_barcode01_98e12ebb_5ad7f319_120	0.0	37.0	10561.782118055555	2499	0.0	0.000576
FAY99780_pass_barcode01_98e12ebb_5ad7f319_121	0.0	37.0	5977.518903591683	2499	10.0	0.000529
FAY99780_pass_barcode01_98e12ebb_5ad7f319_122	0.0	37.0	5601.683467741936	2999	10.0	0.000496
FAY99780_pass_barcode01_98e12ebb_5ad7f319_123	0.0	37.0	4852.405405405405	1499	10.0	0.000444
FAY99780_pass_barcode01_98e12ebb_5ad7f319_124	0.0	37.0	6008.610223642173	2499	10.0	0.0006259999999999999
FAY99780_pass_barcode01_98e12ebb_5ad7f319_125	0.0	37.0	9824.325035561878	2499	10.0	0.000703
FAY99780_pass_barcode01_98e12ebb_5ad7f319_126	0.0	37.0	6408.1590163934425	2999	10.0	0.00061
FAY99780_pass_barcode01_98e12ebb_5ad7f319_127	0.0	37.0	5783.114310645724	2499	10.0	0.0005729999999999999
FAY99780_pass_barcode01_98e12ebb_5ad7f319_128	0.0	37.0	6312.402803738318	2499	0.0	0.000535
FAY99780_pass_barcode01_98e12ebb_5ad7f319_129	0.0	37.0	5657.429889298893	2499	0.0	0.000542
FAY99780_pass_barcode01_98e12ebb_5ad7f319_13	0.06680026720107435	37.0	9222.355043420173	2499	10.0	0.0014969999999999998
FAY99780_pass_barcode01_98e12ebb_5ad7f319_130	0.0	37.0	8954.440924657534	2999	10.0	0.000584
FAY99780_pass_barcode01_98e12ebb_5ad7f319_131	0.0	37.0	5983.375478927203	2499	10.0	0.000522
FAY99780_pass_barcode01_98e12ebb_5ad7f319_132	0.0	37.0	5934.705792682927	2499	10.0	0.000328
FAY99780_pass_barcode01_98e12ebb_5ad7f319_133	0.0	37.0	5385.78046989721	2999	10.0	0.000681
FAY99780_pass_barcode01_98e12ebb_5ad7f319_134	0.0	37.0	5481.073970037453	999	10.0	0.000534
FAY99780_pass_barcode01_98e12ebb_5ad7f319_135	0.0	37.0	5530.545226130654	2499	20.0	0.000597
FAY99780_pass_barcode01_98e12ebb_5ad7f319_136	0.0	37.0	5677.455445544554	1499	10.0	0.000606
FAY99780_pass_barcode01_98e12ebb_5ad7f319_137	0.0	37.0	5621.956801470588	2499	10.0	0.000544
FAY99780_pass_barcode01_98e12ebb_5ad7f319_138	0.0	37.0	5939.854961832061	2499	10.0	0.0005239999999999999
FAY99780_pass_barcode01_98e12ebb_5ad7f319_139	0.0	37.0	5914.296812749004	2999	10.0	0.000502
FAY99780_pass_barcode01_98e12ebb_5ad7f319_14	0.0	37.0	7330.978070175439	2999	10.0	0.0013679999999999999
FAY99780_pass_barcode01_98e12ebb_5ad7f319_140	0.0	37.0	14549.023593466425	2499	10.0	0.000551
FAY99780_pass_barcode01_98e12ebb_5ad7f319_141	0.0	37.0	5979.878177966101	1499	10.0	0.000472
FAY99780_pass_barcode01_98e12ebb_5ad7f319_142	0.0	37.0	4356.26125	1499	10.0	0.00039999999999999996
FAY99780_pass_barcode01_98e12ebb_5ad7f319_143	0.0	37.0	5536.252808988764	2499	0.0	0.000534
FAY99780_pass_barcode01_98e12ebb_5ad7f319_144	0.0	37.0	5357.078	1499	10.0	0.0005
FAY99780_pass_barcode01_98e12ebb_5ad7f319_145	0.0	37.0	5906.1929637526655	2499	10.0	0.00046899999999999996
FAY99780_pass_barcode01_98e12ebb_5ad7f319_146	0.0	37.0	6244.3933962264155	2999	10.0	0.00053
FAY99780_pass_barcode01_98e12ebb_5ad7f319_147	0.0	37.0	5321.110567514677	2499	10.0	0.000511
FAY99780_pass_barcode01_98e12ebb_5ad7f319_148	0.0	37.0	5311.7885906040265	2999	20.0	0.00044699999999999997
FAY99780_pass_barcode01_98e12ebb_5ad7f319_149	0.0	37.0	5741.77662037037	1499	10.0	0.000432
FAY99780_pass_barcode01_98e12ebb_5ad7f319_15	0.0	37.0	7261.574929971989	2999	10.0	0.001428
FAY99780_pass_barcode01_98e12ebb_5ad7f319_150	0.0	37.0	6647.641826923077	2999	10.0	0.000416
FAY99780_pass_barcode01_98e12ebb_5ad7f319_151	0.0	37.0	11672.044731610338	2499	10.0	0.000503
FAY99780_pass_barcode01_98e12ebb_5ad7f319_152	0.0	37.0	325.9765100671141	149	20.0	0.000596
FAY99780_pass_barcode01_98e12ebb_5ad7f319_153	0.0	37.0	97.19298245614036	69	30.0	5.6999999999999996e-05
FAY99780_pass_barcode01_98e12ebb_5ad7f319_154	0.0	41.0	64.5	36	40.0	4e-06
FAY99780_pass_barcode01_98e12ebb_5ad7f319_16	0.0	37.0	9473.676912080056	2999	0.0	0.0013989999999999999
FAY99780_pass_barcode01_98e12ebb_5ad7f319_17	0.0	37.0	7583.69970845481	2499	10.0	0.001372
FAY99780_pass_barcode01_98e12ebb_5ad7f319_18	0.0	37.0	10195.252445447704	2499	10.0	0.0013289999999999999
FAY99780_pass_barcode01_98e12ebb_5ad7f319_19	0.0	37.0	8623.433176100629	2499	0.0	0.001272
FAY99780_pass_barcode01_98e12ebb_5ad7f319_2	0.0	37.0	6140.262867647059	999	10.0	0.0013599999999999999
FAY99780_pass_barcode01_98e12ebb_5ad7f319_20	0.0	37.0	6986.1860222531295	2499	10.0	0.001438
FAY99780_pass_barcode01_98e12ebb_5ad7f319_21	0.0	37.0	7700.076813655761	2999	20.0	0.001406
FAY99780_pass_barcode01_98e12ebb_5ad7f319_22	0.0	37.0	7348.380397532556	2999	10.0	0.001459
FAY99780_pass_barcode01_98e12ebb_5ad7f319_23	0.0	37.0	10376.304665738162	2999	10.0	0.001436
FAY99780_pass_barcode01_98e12ebb_5ad7f319_24	0.0	37.0	8501.561946902655	2499	0.0	0.001356
FAY99780_pass_barcode01_98e12ebb_5ad7f319_25	0.0	37.0	8761.219636363636	2499	10.0	0.001375
FAY99780_pass_barcode01_98e12ebb_5ad7f319_26	0.0	37.0	7235.462207105064	2499	10.0	0.001323
FAY99780_pass_barcode01_98e12ebb_5ad7f319_27	0.0	37.0	8430.936292054403	2999	10.0	0.001397
FAY99780_pass_barcode01_98e12ebb_5ad7f319_28	0.0	37.0	5815.887596899225	2999	10.0	0.0009029999999999999
FAY99780_pass_barcode01_98e12ebb_5ad7f319_29	0.0	37.0	10060.017629407352	2499	0.0	0.001333
FAY99780_pass_barcode01_98e12ebb_5ad7f319_3	0.0	37.0	6184.105756358768	2999	10.0	0.0014939999999999999
FAY99780_pass_barcode01_98e12ebb_5ad7f319_30	0.0	37.0	7448.532544378698	2999	20.0	0.001352
FAY99780_pass_barcode01_98e12ebb_5ad7f319_31	0.0	37.0	9180.557578008915	2999	10.0	0.001346
FAY99780_pass_barcode01_98e12ebb_5ad7f319_32	0.0	37.0	7165.401019541207	2999	10.0	0.0011769999999999999
FAY99780_pass_barcode01_98e12ebb_5ad7f319_33	0.0	37.0	7302.152896081771	2999	0.0	0.001174
FAY99780_pass_barcode01_98e12ebb_5ad7f319_34	0.0	37.0	7457.009259259259	2999	10.0	0.001188
FAY99780_pass_barcode01_98e12ebb_5ad7f319_35	0.0	37.0	7302.963860933211	2999	10.0	0.001093
FAY99780_pass_barcode01_98e12ebb_5ad7f319_36	0.0	37.0	9122.647006255585	2999	10.0	0.001119
FAY99780_pass_barcode01_98e12ebb_5ad7f319_37	0.0	37.0	7925.0699152542375	2999	0.0	0.000944
FAY99780_pass_barcode01_98e12ebb_5ad7f319_38	0.0	37.0	8293.315406976744	2499	10.0	0.001032
FAY99780_pass_barcode01_98e12ebb_5ad7f319_39	0.0	37.0	10005.454112554113	2999	10.0	0.001155
FAY99780_pass_barcode01_98e12ebb_5ad7f319_4	0.0	37.0	6549.945105820106	2499	0.0	0.0015119999999999999
FAY99780_pass_barcode01_98e12ebb_5ad7f319_40	0.0	37.0	7459.225318471337	2999	0.0	0.001256
FAY99780_pass_barcode01_98e12ebb_5ad7f319_41	0.0	37.0	6655.88053505535	2999	20.0	0.001084
FAY99780_pass_barcode01_98e12ebb_5ad7f319_42	0.0	37.0	9767.360068259386	2999	10.0	0.0011719999999999999
FAY99780_pass_barcode01_98e12ebb_5ad7f319_43	0.0	37.0	9646.895114942528	2999	10.0	0.001044
FAY99780_pass_barcode01_98e12ebb_5ad7f319_44	0.0	37.0	7524.245551601423	3499	10.0	0.001124
FAY99780_pass_barcode01_98e12ebb_5ad7f319_45	0.0	37.0	6799.238785046729	2499	10.0	0.00107
FAY99780_pass_barcode01_98e12ebb_5ad7f319_46	0.0	37.0	7322.3235567970205	3499	0.0	0.0010739999999999999
FAY99780_pass_barcode01_98e12ebb_5ad7f319_47	0.0	37.0	9416.726880394575	2499	10.0	0.000811
FAY99780_pass_barcode01_98e12ebb_5ad7f319_48	0.0	37.0	7439.597234226448	3499	10.0	0.001157
FAY99780_pass_barcode01_98e12ebb_5ad7f319_49	0.0	37.0	9630.642074198988	2499	10.0	0.001186
FAY99780_pass_barcode01_98e12ebb_5ad7f319_5	0.0	37.0	8939.561571125265	2499	10.0	0.001413
FAY99780_pass_barcode01_98e12ebb_5ad7f319_50	0.0	37.0	6881.679924242424	2499	10.0	0.0010559999999999999
FAY99780_pass_barcode01_98e12ebb_5ad7f319_51	0.0	37.0	7056.420743639922	2999	10.0	0.001022
FAY99780_pass_barcode01_98e12ebb_5ad7f319_52	0.0	37.0	8635.4960282436	2999	10.0	0.001133
FAY99780_pass_barcode01_98e12ebb_5ad7f319_53	0.0	37.0	6673.174532502227	2999	10.0	0.0011229999999999999
FAY99780_pass_barcode01_98e12ebb_5ad7f319_54	0.0	37.0	6843.502935420744	2499	0.0	0.001022
FAY99780_pass_barcode01_98e12ebb_5ad7f319_55	0.0	37.0	8214.723737373737	2999	10.0	0.00099
FAY99780_pass_barcode01_98e12ebb_5ad7f319_56	0.0	37.0	10763.550285714286	2999	10.0	0.0008749999999999999
FAY99780_pass_barcode01_98e12ebb_5ad7f319_57	0.0	37.0	5909.383878241263	2999	10.0	0.000887
FAY99780_pass_barcode01_98e12ebb_5ad7f319_58	0.0	37.0	7054.745264207378	2999	10.0	0.001003
FAY99780_pass_barcode01_98e12ebb_5ad7f319_59	0.0	37.0	9478.851554126473	2999	10.0	0.0009329999999999999
FAY99780_pass_barcode01_98e12ebb_5ad7f319_6	0.0	37.0	10276.037526804861	2499	10.0	0.0013989999999999999
FAY99780_pass_barcode01_98e12ebb_5ad7f319_60	0.0	37.0	8115.268378650554	2999	10.0	0.000993
FAY99780_pass_barcode01_98e12ebb_5ad7f319_61	0.0	37.0	6911.262841530055	2499	10.0	0.0009149999999999999
FAY99780_pass_barcode01_98e12ebb_5ad7f319_62	0.0	37.0	9810.551322751322	2499	10.0	0.000945
FAY99780_pass_barcode01_98e12ebb_5ad7f319_63	0.0	37.0	6520.37898789879	2499	10.0	0.000909
FAY99780_pass_barcode01_98e12ebb_5ad7f319_64	0.0	37.0	7950.373964497041	2999	10.0	0.0008449999999999999
FAY99780_pass_barcode01_98e12ebb_5ad7f319_65	0.0	37.0	9188.069413092551	2999	10.0	0.000886
FAY99780_pass_barcode01_98e12ebb_5ad7f319_66	0.0	37.0	6258.766561514196	2999	10.0	0.000634
FAY99780_pass_barcode01_98e12ebb_5ad7f319_67	0.0	37.0	6418.824526420738	2999	10.0	0.001003
FAY99780_pass_barcode01_98e12ebb_5ad7f319_68	0.0	37.0	9632.725401606425	2499	10.0	0.000996
FAY99780_pass_barcode01_98e12ebb_5ad7f319_69	0.0	37.0	6854.4098265895955	2499	0.0	0.000865
FAY99780_pass_barcode01_98e12ebb_5ad7f319_7	0.0	37.0	9143.828835227272	2999	0.0	0.001408
FAY99780_pass_barcode01_98e12ebb_5ad7f319_70	0.0	37.0	7572.993166287016	2999	10.0	0.000878
FAY99780_pass_barcode01_98e12ebb_5ad7f319_71	0.0	37.0	8539.634682080925	2499	10.0	0.000865
FAY99780_pass_barcode01_98e12ebb_5ad7f319_72	0.0	37.0	6947.6029023746705	2499	10.0	0.000758
FAY99780_pass_barcode01_98e12ebb_5ad7f319_73	0.0	37.0	7210.904118404118	2499	10.0	0.0007769999999999999
FAY99780_pass_barcode01_98e12ebb_5ad7f319_74	0.0	37.0	7506.020261437909	2999	10.0	0.000765
FAY99780_pass_barcode01_98e12ebb_5ad7f319_75	0.0	37.0	9734.317535545024	2999	10.0	0.000633
FAY99780_pass_barcode01_98e12ebb_5ad7f319_76	0.0	37.0	5698.541353383459	2999	10.0	0.000798
FAY99780_pass_barcode01_98e12ebb_5ad7f319_77	0.0	37.0	6513.517898383372	2999	10.0	0.0008659999999999999
FAY99780_pass_barcode01_98e12ebb_5ad7f319_78	0.0	37.0	9024.369073275862	2999	10.0	0.000928
FAY99780_pass_barcode01_98e12ebb_5ad7f319_79	0.0	37.0	7828.40625	2999	10.0	0.0007999999999999999
FAY99780_pass_barcode01_98e12ebb_5ad7f319_8	0.0	37.0	7380.919389204545	2999	10.0	0.001408
FAY99780_pass_barcode01_98e12ebb_5ad7f319_80	0.0	37.0	10422.582639714625	2499	0.0	0.000841
FAY99780_pass_barcode01_98e12ebb_5ad7f319_81	0.0	37.0	6172.085958005249	2499	10.0	0.000762
FAY99780_pass_barcode01_98e12ebb_5ad7f319_82	0.0	37.0	6826.981226533167	2499	10.0	0.000799
FAY99780_pass_barcode01_98e12ebb_5ad7f319_83	0.0	37.0	9157.629181084198	2499	10.0	0.0008669999999999999
FAY99780_pass_barcode01_98e12ebb_5ad7f319_84	0.0	37.0	6822.326766304348	2999	10.0	0.000736
FAY99780_pass_barcode01_98e12ebb_5ad7f319_85	0.0	37.0	5761.543554006968	2999	10.0	0.000574
FAY99780_pass_barcode01_98e12ebb_5ad7f319_86	0.0	37.0	5748.786043829296	2999	10.0	0.0008669999999999999
FAY99780_pass_barcode01_98e12ebb_5ad7f319_87	0.0	37.0	8818.311046511628	2499	0.0	0.00086
FAY99780_pass_barcode01_98e12ebb_5ad7f319_88	0.0	37.0	7201.50136425648	2499	10.0	0.0007329999999999999
FAY99780_pass_barcode01_98e12ebb_5ad7f319_89	0.0	37.0	6445.138403990025	2999	10.0	0.000802
FAY99780_pass_barcode01_98e12ebb_5ad7f319_9	0.0	37.0	8733.880203515264	2499	10.0	0.001081
FAY99780_pass_barcode01_98e12ebb_5ad7f319_90	0.0	37.0	10832.655109489051	2499	10.0	0.0008219999999999999
FAY99780_pass_barcode01_98e12ebb_5ad7f319_91	0.0	37.0	7448.884671532846	2999	10.0	0.000685
FAY99780_pass_barcode01_98e12ebb_5ad7f319_92	0.0	37.0	6363.542372881356	2499	10.0	0.000708
FAY99780_pass_barcode01_98e12ebb_5ad7f319_93	0.0	37.0	6814.861782477341	2499	10.0	0.0006619999999999999
FAY99780_pass_barcode01_98e12ebb_5ad7f319_94	0.0	37.0	10897.912337662337	2999	10.0	0.000616
FAY99780_pass_barcode01_98e12ebb_5ad7f319_95	0.0	37.0	5504.613933236575	2499	20.0	0.0006889999999999999
FAY99780_pass_barcode01_98e12ebb_5ad7f319_96	0.0	37.0	6245.826086956522	2999	10.0	0.000736
FAY99780_pass_barcode01_98e12ebb_5ad7f319_97	0.0	37.0	6226.993710691824	2499	10.0	0.000636
FAY99780_pass_barcode01_98e12ebb_5ad7f319_98	0.0	37.0	5937.480882352941	2999	0.0	0.0006799999999999999
FAY99780_pass_barcode01_98e12ebb_5ad7f319_99	0.0	37.0	9678.254433833561	2999	10.0	0.0007329999999999999
