Sample	fastqc-percent_duplicates	fastqc-percent_gc	fastqc-avg_sequence_length	fastqc-median_sequence_length	fastqc-percent_fails	fastqc-total_sequences
FAY99780_pass_barcode08_98e12ebb_5ad7f319_0	0.0	37.0	2676.3496503496503	499	10.0	0.000286
FAY99780_pass_barcode08_98e12ebb_5ad7f319_1	0.0	37.0	3457.4219948849104	1499	20.0	0.00039099999999999996
FAY99780_pass_barcode08_98e12ebb_5ad7f319_10	0.0	37.0	3962.1629213483147	1499	20.0	0.000356
FAY99780_pass_barcode08_98e12ebb_5ad7f319_100	0.0	37.0	4138.75	1499	20.0	0.000112
FAY99780_pass_barcode08_98e12ebb_5ad7f319_101	0.0	37.0	5120.135135135135	1499	20.0	0.000111
FAY99780_pass_barcode08_98e12ebb_5ad7f319_102	0.0	37.0	3379.3333333333335	499	30.0	8.7e-05
FAY99780_pass_barcode08_98e12ebb_5ad7f319_103	0.0	37.0	7505.629032258064	999	30.0	9.3e-05
FAY99780_pass_barcode08_98e12ebb_5ad7f319_104	0.0	37.0	3913.864077669903	1499	20.0	0.000103
FAY99780_pass_barcode08_98e12ebb_5ad7f319_105	0.0	37.0	4358.178861788618	1499	20.0	0.00012299999999999998
FAY99780_pass_barcode08_98e12ebb_5ad7f319_106	0.0	37.0	3938.9590163934427	499	20.0	0.000122
FAY99780_pass_barcode08_98e12ebb_5ad7f319_107	0.0	37.0	7437.527586206897	999	20.0	0.000145
FAY99780_pass_barcode08_98e12ebb_5ad7f319_108	1.0638297872340416	37.0	3797.1329787234044	1499	30.0	9.4e-05
FAY99780_pass_barcode08_98e12ebb_5ad7f319_109	0.0	37.0	5016.714285714285	1499	20.0	0.000133
FAY99780_pass_barcode08_98e12ebb_5ad7f319_11	0.0	37.0	5137.230902777777	1499	20.0	0.000288
FAY99780_pass_barcode08_98e12ebb_5ad7f319_110	0.0	37.0	4454.783505154639	1499	20.0	9.7e-05
FAY99780_pass_barcode08_98e12ebb_5ad7f319_111	0.0	37.0	8893.411016949152	999	20.0	0.000118
FAY99780_pass_barcode08_98e12ebb_5ad7f319_112	0.0	36.0	4304.896946564885	999	20.0	0.00013099999999999999
FAY99780_pass_barcode08_98e12ebb_5ad7f319_113	0.0	37.0	4592.579365079365	1499	30.0	6.3e-05
FAY99780_pass_barcode08_98e12ebb_5ad7f319_114	0.0	37.0	3439.1116504854367	1499	20.0	0.000103
FAY99780_pass_barcode08_98e12ebb_5ad7f319_115	0.0	37.0	3848.1140939597317	1499	20.0	0.000149
FAY99780_pass_barcode08_98e12ebb_5ad7f319_116	0.0	36.0	6296.5990990990995	999	20.0	0.000111
FAY99780_pass_barcode08_98e12ebb_5ad7f319_117	0.0	37.0	5804.95575221239	999	20.0	0.000113
FAY99780_pass_barcode08_98e12ebb_5ad7f319_118	0.0	37.0	5648.390350877193	1499	20.0	0.00011399999999999999
FAY99780_pass_barcode08_98e12ebb_5ad7f319_119	0.0	37.0	4901.16	999	20.0	0.000125
FAY99780_pass_barcode08_98e12ebb_5ad7f319_12	0.0	37.0	5512.967576791809	999	20.0	0.00029299999999999997
FAY99780_pass_barcode08_98e12ebb_5ad7f319_120	0.0	37.0	6800.109848484848	999	20.0	0.00013199999999999998
FAY99780_pass_barcode08_98e12ebb_5ad7f319_121	0.0	37.0	3374.7580645161293	1499	20.0	0.000124
FAY99780_pass_barcode08_98e12ebb_5ad7f319_122	0.0	37.0	4437.3448275862065	1499	30.0	8.7e-05
FAY99780_pass_barcode08_98e12ebb_5ad7f319_123	0.0	37.0	4450.0722891566265	1499	30.0	8.3e-05
FAY99780_pass_barcode08_98e12ebb_5ad7f319_124	0.0	36.0	4271.635135135135	1499	20.0	0.000111
FAY99780_pass_barcode08_98e12ebb_5ad7f319_125	0.0	37.0	5115.515151515152	999	20.0	0.00013199999999999998
FAY99780_pass_barcode08_98e12ebb_5ad7f319_126	0.0	36.0	4652.32905982906	1499	20.0	0.000117
FAY99780_pass_barcode08_98e12ebb_5ad7f319_127	0.0	37.0	4909.520202020202	1499	30.0	9.9e-05
FAY99780_pass_barcode08_98e12ebb_5ad7f319_128	0.0	37.0	4112.049450549451	1499	30.0	9.099999999999999e-05
FAY99780_pass_barcode08_98e12ebb_5ad7f319_129	0.0	37.0	3746.548672566372	1499	20.0	0.000113
FAY99780_pass_barcode08_98e12ebb_5ad7f319_13	0.0	37.0	5803.40234375	999	20.0	0.000256
FAY99780_pass_barcode08_98e12ebb_5ad7f319_130	0.0	37.0	8647.0	999	30.0	9.9e-05
FAY99780_pass_barcode08_98e12ebb_5ad7f319_131	0.0	37.0	5624.790697674419	1499	30.0	8.599999999999999e-05
FAY99780_pass_barcode08_98e12ebb_5ad7f319_132	0.0	37.0	3118.1139240506327	499	30.0	7.9e-05
FAY99780_pass_barcode08_98e12ebb_5ad7f319_133	0.0	37.0	2558.136752136752	1499	20.0	0.000117
FAY99780_pass_barcode08_98e12ebb_5ad7f319_134	0.0	37.0	5164.523148148148	1499	20.0	0.000108
FAY99780_pass_barcode08_98e12ebb_5ad7f319_135	0.0	37.0	3928.520325203252	1499	20.0	0.00012299999999999998
FAY99780_pass_barcode08_98e12ebb_5ad7f319_136	0.0	37.0	3057.5675675675675	499	20.0	0.000111
FAY99780_pass_barcode08_98e12ebb_5ad7f319_137	0.0	37.0	5106.156521739131	1499	20.0	0.00011499999999999999
FAY99780_pass_barcode08_98e12ebb_5ad7f319_138	0.0	37.0	2689.8894736842103	1249	30.0	9.499999999999999e-05
FAY99780_pass_barcode08_98e12ebb_5ad7f319_139	0.0	37.0	4017.7558139534885	1499	30.0	8.599999999999999e-05
FAY99780_pass_barcode08_98e12ebb_5ad7f319_14	0.0	37.0	5402.064056939502	1499	20.0	0.000281
FAY99780_pass_barcode08_98e12ebb_5ad7f319_140	0.0	36.0	9133.087378640777	2499	20.0	0.000103
FAY99780_pass_barcode08_98e12ebb_5ad7f319_141	0.0	36.0	3302.507462686567	1499	30.0	6.7e-05
FAY99780_pass_barcode08_98e12ebb_5ad7f319_142	0.0	36.0	4469.729166666667	499	30.0	7.2e-05
FAY99780_pass_barcode08_98e12ebb_5ad7f319_143	0.0	37.0	4822.451807228916	1499	30.0	8.3e-05
FAY99780_pass_barcode08_98e12ebb_5ad7f319_144	0.0	38.0	3620.8	1499	20.0	0.00010499999999999999
FAY99780_pass_barcode08_98e12ebb_5ad7f319_145	0.0	36.0	3840.3125	1499	30.0	8.8e-05
FAY99780_pass_barcode08_98e12ebb_5ad7f319_146	0.0	37.0	5036.725	1499	30.0	7.999999999999999e-05
FAY99780_pass_barcode08_98e12ebb_5ad7f319_147	0.0	37.0	3111.6063829787236	1499	30.0	9.4e-05
FAY99780_pass_barcode08_98e12ebb_5ad7f319_148	0.0	38.0	2517.3488372093025	1499	30.0	8.599999999999999e-05
FAY99780_pass_barcode08_98e12ebb_5ad7f319_149	0.0	38.0	3900.8086419753085	999	30.0	8.099999999999999e-05
FAY99780_pass_barcode08_98e12ebb_5ad7f319_15	0.0	37.0	4108.078544061303	1499	20.0	0.000261
FAY99780_pass_barcode08_98e12ebb_5ad7f319_150	0.0	37.0	3095.5240384615386	1499	20.0	0.000104
FAY99780_pass_barcode08_98e12ebb_5ad7f319_151	0.0	37.0	7544.550632911392	999	30.0	7.9e-05
FAY99780_pass_barcode08_98e12ebb_5ad7f319_152	1.818181818181813	38.0	259.22424242424245	124	30.0	0.000165
FAY99780_pass_barcode08_98e12ebb_5ad7f319_153	0.0	39.0	67.55882352941177	72	40.0	1.7e-05
FAY99780_pass_barcode08_98e12ebb_5ad7f319_16	0.0	37.0	6560.916095890411	999	20.0	0.000292
FAY99780_pass_barcode08_98e12ebb_5ad7f319_17	0.0	37.0	4636.571146245059	1499	20.0	0.00025299999999999997
FAY99780_pass_barcode08_98e12ebb_5ad7f319_18	0.0	37.0	6051.022900763359	999	20.0	0.00026199999999999997
FAY99780_pass_barcode08_98e12ebb_5ad7f319_19	0.0	37.0	5574.400406504065	999	20.0	0.00024599999999999996
FAY99780_pass_barcode08_98e12ebb_5ad7f319_2	0.0	36.0	3070.521197007481	499	20.0	0.000401
FAY99780_pass_barcode08_98e12ebb_5ad7f319_20	0.0	37.0	4732.736206896552	1499	10.0	0.00029
FAY99780_pass_barcode08_98e12ebb_5ad7f319_21	0.0	37.0	5392.842519685039	999	10.0	0.000254
FAY99780_pass_barcode08_98e12ebb_5ad7f319_22	0.0	37.0	4519.076612903225	1499	20.0	0.000248
FAY99780_pass_barcode08_98e12ebb_5ad7f319_23	0.0	37.0	6672.6625	999	20.0	0.00023999999999999998
FAY99780_pass_barcode08_98e12ebb_5ad7f319_24	0.0	37.0	5751.508032128514	999	20.0	0.000249
FAY99780_pass_barcode08_98e12ebb_5ad7f319_25	0.0	37.0	5123.41806722689	999	20.0	0.00023799999999999998
FAY99780_pass_barcode08_98e12ebb_5ad7f319_26	0.0	37.0	4490.039748953975	1499	20.0	0.00023899999999999998
FAY99780_pass_barcode08_98e12ebb_5ad7f319_27	0.0	37.0	5801.491935483871	1499	10.0	0.000248
FAY99780_pass_barcode08_98e12ebb_5ad7f319_28	0.0	36.0	4211.420731707317	1499	20.0	0.000164
FAY99780_pass_barcode08_98e12ebb_5ad7f319_29	0.0	37.0	6626.438818565401	999	20.0	0.000237
FAY99780_pass_barcode08_98e12ebb_5ad7f319_3	0.0	37.0	4260.2828947368425	999	20.0	0.00037999999999999997
FAY99780_pass_barcode08_98e12ebb_5ad7f319_30	0.0	37.0	5588.180232558139	1499	20.0	0.000258
FAY99780_pass_barcode08_98e12ebb_5ad7f319_31	0.0	37.0	7831.626530612245	999	20.0	0.000245
FAY99780_pass_barcode08_98e12ebb_5ad7f319_32	0.0	37.0	4768.856521739131	1499	20.0	0.00022999999999999998
FAY99780_pass_barcode08_98e12ebb_5ad7f319_33	0.0	37.0	5795.524038461538	999	20.0	0.000208
FAY99780_pass_barcode08_98e12ebb_5ad7f319_34	0.0	36.0	5880.371848739495	2999	20.0	0.00023799999999999998
FAY99780_pass_barcode08_98e12ebb_5ad7f319_35	0.0	37.0	4637.280193236715	1499	20.0	0.000207
FAY99780_pass_barcode08_98e12ebb_5ad7f319_36	0.0	37.0	6666.776995305165	999	20.0	0.000213
FAY99780_pass_barcode08_98e12ebb_5ad7f319_37	0.0	37.0	5267.615606936416	1499	20.0	0.000173
FAY99780_pass_barcode08_98e12ebb_5ad7f319_38	0.0	37.0	5311.075418994414	999	20.0	0.000179
FAY99780_pass_barcode08_98e12ebb_5ad7f319_39	0.0	37.0	8018.285353535353	999	20.0	0.000198
FAY99780_pass_barcode08_98e12ebb_5ad7f319_4	0.0	37.0	4747.013157894737	1499	20.0	0.00034199999999999996
FAY99780_pass_barcode08_98e12ebb_5ad7f319_40	0.0	37.0	5365.357142857143	1499	20.0	0.00020999999999999998
FAY99780_pass_barcode08_98e12ebb_5ad7f319_41	0.0	37.0	4993.173076923077	1499	20.0	0.000208
FAY99780_pass_barcode08_98e12ebb_5ad7f319_42	0.0	37.0	7755.43661971831	999	20.0	0.000213
FAY99780_pass_barcode08_98e12ebb_5ad7f319_43	0.0	37.0	5810.67718446602	999	20.0	0.000206
FAY99780_pass_barcode08_98e12ebb_5ad7f319_44	0.0	37.0	4203.2131578947365	1499	20.0	0.00018999999999999998
FAY99780_pass_barcode08_98e12ebb_5ad7f319_45	0.0	37.0	5296.932989690722	1499	20.0	0.000194
FAY99780_pass_barcode08_98e12ebb_5ad7f319_46	0.0	37.0	4843.264331210191	1499	20.0	0.000157
FAY99780_pass_barcode08_98e12ebb_5ad7f319_47	0.0	36.0	7400.538961038961	999	20.0	0.000154
FAY99780_pass_barcode08_98e12ebb_5ad7f319_48	0.0	37.0	5675.661764705882	999	20.0	0.000204
FAY99780_pass_barcode08_98e12ebb_5ad7f319_49	0.0	37.0	6556.9925	999	20.0	0.00019999999999999998
FAY99780_pass_barcode08_98e12ebb_5ad7f319_5	0.0	37.0	5650.0329341317365	999	20.0	0.000334
FAY99780_pass_barcode08_98e12ebb_5ad7f319_50	0.0	37.0	5993.87	2499	20.0	0.00019999999999999998
FAY99780_pass_barcode08_98e12ebb_5ad7f319_51	0.0	38.0	5840.575609756098	1499	20.0	0.000205
FAY99780_pass_barcode08_98e12ebb_5ad7f319_52	0.0	37.0	5450.086363636364	999	20.0	0.00021999999999999998
FAY99780_pass_barcode08_98e12ebb_5ad7f319_53	0.0	37.0	4830.519801980198	1499	20.0	0.000202
FAY99780_pass_barcode08_98e12ebb_5ad7f319_54	0.0	37.0	5161.418981481482	1499	20.0	0.000216
FAY99780_pass_barcode08_98e12ebb_5ad7f319_55	0.0	37.0	6628.432835820896	999	20.0	0.00020099999999999998
FAY99780_pass_barcode08_98e12ebb_5ad7f319_56	0.0	37.0	10092.848387096774	2999	20.0	0.000155
FAY99780_pass_barcode08_98e12ebb_5ad7f319_57	0.0	37.0	4747.520348837209	1499	10.0	0.00017199999999999998
FAY99780_pass_barcode08_98e12ebb_5ad7f319_58	0.0	37.0	5351.244292237443	1499	20.0	0.00021899999999999998
FAY99780_pass_barcode08_98e12ebb_5ad7f319_59	0.0	37.0	7116.213450292397	999	20.0	0.00017099999999999998
FAY99780_pass_barcode08_98e12ebb_5ad7f319_6	0.0	37.0	5757.808510638298	999	20.0	0.000329
FAY99780_pass_barcode08_98e12ebb_5ad7f319_60	0.0	37.0	3932.044502617801	1499	20.0	0.00019099999999999998
FAY99780_pass_barcode08_98e12ebb_5ad7f319_61	0.0	37.0	5692.766272189349	1499	20.0	0.000169
FAY99780_pass_barcode08_98e12ebb_5ad7f319_62	0.0	37.0	8513.328282828283	999	20.0	0.000198
FAY99780_pass_barcode08_98e12ebb_5ad7f319_63	0.0	37.0	5807.167785234899	1499	20.0	0.000149
FAY99780_pass_barcode08_98e12ebb_5ad7f319_64	0.0	37.0	5072.158783783784	1499	20.0	0.000148
FAY99780_pass_barcode08_98e12ebb_5ad7f319_65	0.0	37.0	6706.963576158941	999	20.0	0.00015099999999999998
FAY99780_pass_barcode08_98e12ebb_5ad7f319_66	0.0	37.0	4744.127272727273	1499	20.0	0.00010999999999999999
FAY99780_pass_barcode08_98e12ebb_5ad7f319_67	0.0	37.0	6003.846774193548	1499	20.0	0.000186
FAY99780_pass_barcode08_98e12ebb_5ad7f319_68	0.0	37.0	7876.324858757062	999	20.0	0.000177
FAY99780_pass_barcode08_98e12ebb_5ad7f319_69	0.0	37.0	4587.454819277108	999	20.0	0.000166
FAY99780_pass_barcode08_98e12ebb_5ad7f319_7	0.0	37.0	6280.04794520548	999	20.0	0.000292
FAY99780_pass_barcode08_98e12ebb_5ad7f319_70	0.0	37.0	5460.174033149171	999	20.0	0.00018099999999999998
FAY99780_pass_barcode08_98e12ebb_5ad7f319_71	0.0	37.0	5168.545731707317	1499	20.0	0.000164
FAY99780_pass_barcode08_98e12ebb_5ad7f319_72	0.0	37.0	5250.496815286624	1499	20.0	0.000157
FAY99780_pass_barcode08_98e12ebb_5ad7f319_73	0.0	37.0	4491.430769230769	1499	20.0	0.00013
FAY99780_pass_barcode08_98e12ebb_5ad7f319_74	0.0	37.0	4661.3130081300815	1499	20.0	0.00012299999999999998
FAY99780_pass_barcode08_98e12ebb_5ad7f319_75	0.0	37.0	7812.806122448979	999	30.0	9.8e-05
FAY99780_pass_barcode08_98e12ebb_5ad7f319_76	0.0	37.0	4614.748175182482	1499	20.0	0.000137
FAY99780_pass_barcode08_98e12ebb_5ad7f319_77	0.0	37.0	4531.114649681529	1499	20.0	0.000157
FAY99780_pass_barcode08_98e12ebb_5ad7f319_78	0.0	37.0	6786.066666666667	999	20.0	0.00015
FAY99780_pass_barcode08_98e12ebb_5ad7f319_79	0.0	37.0	4648.181208053691	999	20.0	0.000149
FAY99780_pass_barcode08_98e12ebb_5ad7f319_8	0.0	37.0	4588.2852112676055	999	20.0	0.00028399999999999996
FAY99780_pass_barcode08_98e12ebb_5ad7f319_80	0.0	37.0	6360.78025477707	999	20.0	0.000157
FAY99780_pass_barcode08_98e12ebb_5ad7f319_81	0.0	37.0	4157.598101265823	1499	20.0	0.000158
FAY99780_pass_barcode08_98e12ebb_5ad7f319_82	0.0	37.0	5149.761764705882	999	20.0	0.00016999999999999999
FAY99780_pass_barcode08_98e12ebb_5ad7f319_83	0.0	37.0	9302.167721518987	999	20.0	0.000158
FAY99780_pass_barcode08_98e12ebb_5ad7f319_84	0.0	38.0	4371.513986013986	1499	20.0	0.000143
FAY99780_pass_barcode08_98e12ebb_5ad7f319_85	0.0	37.0	4930.387254901961	1499	20.0	0.000102
FAY99780_pass_barcode08_98e12ebb_5ad7f319_86	0.0	37.0	4842.430232558139	1499	20.0	0.000129
FAY99780_pass_barcode08_98e12ebb_5ad7f319_87	0.0	37.0	6356.580246913581	999	20.0	0.00016199999999999998
FAY99780_pass_barcode08_98e12ebb_5ad7f319_88	0.0	37.0	4733.312977099236	1499	20.0	0.00013099999999999999
FAY99780_pass_barcode08_98e12ebb_5ad7f319_89	0.0	37.0	5268.390476190476	2499	20.0	0.00010499999999999999
FAY99780_pass_barcode08_98e12ebb_5ad7f319_9	0.0	37.0	5091.742616033755	999	20.0	0.000237
FAY99780_pass_barcode08_98e12ebb_5ad7f319_90	0.0	37.0	5216.828125	1499	20.0	0.000128
FAY99780_pass_barcode08_98e12ebb_5ad7f319_91	0.0	37.0	5792.056818181818	1499	20.0	0.00013199999999999998
FAY99780_pass_barcode08_98e12ebb_5ad7f319_92	0.0	36.0	4731.639534883721	999	20.0	0.000129
FAY99780_pass_barcode08_98e12ebb_5ad7f319_93	0.0	37.0	5657.226923076923	1499	20.0	0.00013
FAY99780_pass_barcode08_98e12ebb_5ad7f319_94	0.0	37.0	6749.79	999	20.0	9.999999999999999e-05
FAY99780_pass_barcode08_98e12ebb_5ad7f319_95	0.0	36.0	4025.5905511811025	1499	20.0	0.000127
FAY99780_pass_barcode08_98e12ebb_5ad7f319_96	0.0	37.0	4433.261061946902	1499	20.0	0.000113
FAY99780_pass_barcode08_98e12ebb_5ad7f319_97	0.0	37.0	5532.645299145299	1499	20.0	0.000117
FAY99780_pass_barcode08_98e12ebb_5ad7f319_98	0.0	37.0	4319.529914529914	1499	20.0	0.000117
FAY99780_pass_barcode08_98e12ebb_5ad7f319_99	0.0	38.0	5172.662601626016	999	20.0	0.00012299999999999998
